10 0.06484375 0.5671875 0.1046875 0.1453125
10 0.6234375 0.546875 0.08125 0.1265625
3 0.0390625 0.4484375 0.078125 0.08125
10 0.14453125 0.6125 0.0609375 0.1203125
10 0.2140625 0.59453125 0.084375 0.1484375
10 0.30078125 0.62265625 0.071875 0.1375
10 0.43984375 0.5609375 0.0734375 0.1234375
10 0.51328125 0.53203125 0.08125 0.1171875
10 0.834375 0.5515625 0.059375 0.1046875
10 0.896875 0.49453125 0.0578125 0.090625
10 0.959375 0.47421875 0.0484375 0.0828125
7 0.06796875 0.4609375 0.071875 0.115625
7 0.1328125 0.51796875 0.06875 0.075
7 0.20625 0.48984375 0.0609375 0.08125
7 0.284375 0.5171875 0.0625 0.071875
7 0.3296875 0.49296875 0.075 0.0671875
7 0.815625 0.47421875 0.0578125 0.0640625
7 0.88671875 0.43671875 0.05625 0.06875
7 0.946875 0.4140625 0.0546875 0.0609375
7 0.503125 0.44609375 0.05 0.0734375
7 0.57890625 0.44609375 0.0453125 0.0859375
7 0.62109375 0.47578125 0.0765625 0.084375