10 0.059375 0.4984375 0.084375 0.134375
10 0.61484375 0.565625 0.0640625 0.11875
3 0.046875 0.3765625 0.0828125 0.06875
10 0.13125 0.55546875 0.04375 0.115625
10 0.203125 0.5484375 0.0625 0.140625
10 0.284375 0.58984375 0.0515625 0.13125
10 0.43125 0.55078125 0.05625 0.115625
10 0.5078125 0.53359375 0.065625 0.1078125
10 0.821875 0.603125 0.04375 0.0984375
10 0.89296875 0.55703125 0.0453125 0.084375
10 0.9578125 0.54609375 0.0359375 0.078125
7 0.0796875 0.39375 0.05625 0.109375
7 0.134375 0.46015625 0.059375 0.065625
7 0.21171875 0.44375 0.05 0.075
7 0.284375 0.48359375 0.053125 0.065625
7 0.3328125 0.46640625 0.0671875 0.05625
7 0.815625 0.52421875 0.05 0.05625
7 0.8921875 0.49765625 0.046875 0.0625
7 0.9546875 0.48515625 0.046875 0.0546875
7 0.51171875 0.44765625 0.040625 0.06875
7 0.5859375 0.459375 0.034375 0.08125
7 0.6234375 0.4953125 0.065625 0.075