10 0.22734375 0.6828125 0.153125 0.2375
10 0.81875 0.38203125 0.08125 0.140625
10 0.59296875 0.43984375 0.08125 0.1421875
10 0.6859375 0.5046875 0.10625 0.1953125
4 0.4015625 0.96640625 0.1 0.0671875
7 0.21953125 0.503125 0.1671875 0.1703125
7 0.59921875 0.33984375 0.06875 0.1171875
7 0.634375 0.33671875 0.10625 0.103125
7 0.675 0.378125 0.0921875 0.11875
7 0.7296875 0.31796875 0.0703125 0.065625
7 0.79765625 0.26953125 0.0609375 0.0765625
7 0.83984375 0.1234375 0.0984375 0.0703125
5 0.36640625 0.7 0.0484375 0.0953125
8 0.86796875 0.23125 0.14375 0.2109375