10 0.2375 0.696875 0.1640625 0.24375
10 0.8125 0.365625 0.0890625 0.1421875
10 0.58984375 0.43515625 0.0875 0.1453125
10 0.6859375 0.4953125 0.115625 0.1984375
4 0.4265625 0.9671875 0.103125 0.065625
7 0.2203125 0.51796875 0.175 0.1765625
7 0.590625 0.33515625 0.075 0.1203125
7 0.62578125 0.3296875 0.109375 0.1078125
7 0.66875 0.36875 0.096875 0.1234375
7 0.71953125 0.30546875 0.0734375 0.0671875
7 0.78515625 0.25390625 0.065625 0.0796875
7 0.81953125 0.10625 0.1015625 0.075
5 0.3765625 0.70703125 0.053125 0.096875
8 0.853125 0.21171875 0.153125 0.2171875