10 0.740625 0.70078125 0.1453125 0.2328125
10 0.6671875 0.59921875 0.1484375 0.2203125
10 0.56328125 0.53203125 0.13125 0.1984375
10 0.23125 0.52265625 0.203125 0.259375
10 0.38984375 0.4984375 0.1890625 0.2421875
0 0.0203125 0.80546875 0.040625 0.0890625
0 0.04921875 0.8046875 0.08125 0.0859375
0 0.1359375 0.82734375 0.090625 0.09375
0 0.19375 0.81484375 0.0921875 0.096875
0 0.28828125 0.84765625 0.09375 0.09375
0 0.3296875 0.8453125 0.084375 0.0953125
0 0.4328125 0.8625 0.0921875 0.1046875
0 0.4875 0.87109375 0.071875 0.090625
0 0.56640625 0.8828125 0.071875 0.0875
0 0.61171875 0.89765625 0.0703125 0.0859375
0 0.68125 0.8984375 0.071875 0.0890625
0 0.70546875 0.915625 0.0578125 0.075
0 0.82421875 0.95234375 0.1109375 0.0953125
0 0.76328125 0.934375 0.090625 0.0953125