10 0.26328125 0.7046875 0.1484375 0.2328125
10 0.33515625 0.60234375 0.1515625 0.221875
10 0.4375 0.5328125 0.1328125 0.2
10 0.76953125 0.51796875 0.20625 0.2609375
10 0.61015625 0.49609375 0.1921875 0.24375
0 0.9828125 0.796875 0.034375 0.090625
0 0.95625 0.796875 0.08125 0.0859375
0 0.86953125 0.8203125 0.0921875 0.0953125
0 0.81171875 0.809375 0.09375 0.0984375
0 0.7171875 0.84375 0.09375 0.0953125
0 0.6765625 0.8421875 0.0859375 0.096875
0 0.5734375 0.8609375 0.0953125 0.1046875
0 0.51953125 0.87109375 0.0734375 0.090625
0 0.440625 0.884375 0.071875 0.0875
0 0.3953125 0.89921875 0.071875 0.0859375
0 0.32578125 0.9015625 0.0734375 0.0890625
0 0.3015625 0.91953125 0.0609375 0.075
0 0.18359375 0.95546875 0.1109375 0.0890625
0 0.24453125 0.9390625 0.0921875 0.0953125