10 0.76328125 0.6703125 0.1203125 0.225
10 0.67734375 0.578125 0.1265625 0.2125
10 0.56640625 0.52421875 0.1109375 0.1921875
10 0.2359375 0.5546875 0.178125 0.246875
10 0.390625 0.51171875 0.1671875 0.2296875
0 0.03828125 0.865625 0.0765625 0.08125
0 0.0890625 0.85703125 0.071875 0.0796875
0 0.178125 0.86875 0.084375 0.0859375
0 0.234375 0.85 0.084375 0.0890625
0 0.3328125 0.8703125 0.0859375 0.0875
0 0.37265625 0.8640625 0.0765625 0.090625
0 0.47734375 0.86796875 0.0859375 0.096875
0 0.5328125 0.8703125 0.0640625 0.0859375
0 0.6125 0.871875 0.0640625 0.0828125
0 0.659375 0.88125 0.0640625 0.08125
0 0.72890625 0.8734375 0.0640625 0.084375
0 0.7546875 0.8875 0.053125 0.0703125
0 0.878125 0.91640625 0.1015625 0.0984375
0 0.8140625 0.89921875 0.0828125 0.0875