3 0.42578125 0.32421875 0.053125 0.071875
3 0.24609375 0.31796875 0.04375 0.0453125
3 0.353125 0.33515625 0.0328125 0.0390625
10 0.29765625 0.3453125 0.0484375 0.08125
10 0.203125 0.35703125 0.04375 0.0578125
10 0.34140625 0.36796875 0.0421875 0.0421875
3 0.66953125 0.40625 0.0359375 0.0359375
10 0.48984375 0.3984375 0.0296875 0.0765625
3 0.46953125 0.39921875 0.0234375 0.034375
3 0.5296875 0.40703125 0.0328125 0.053125
10 0.62734375 0.41953125 0.046875 0.0859375
10 0.69765625 0.4375 0.03125 0.059375
10 0.55625 0.43359375 0.034375 0.046875
10 0.3390625 0.4296875 0.04375 0.10625
10 0.51875 0.4453125 0.01875 0.0484375
10 0.54609375 0.45 0.0625 0.1328125
10 0.23984375 0.434375 0.08125 0.153125
10 0.4671875 0.48828125 0.0328125 0.1078125
10 0.6515625 0.52421875 0.0859375 0.1640625
10 0.4 0.51953125 0.10625 0.25625
0 0.18046875 0.69453125 0.0609375 0.128125
0 0.24375 0.69375 0.0484375 0.1171875
0 0.3296875 0.85703125 0.059375 0.1046875
0 0.42421875 0.86484375 0.06875 0.14375
0 0.50859375 0.66953125 0.0359375 0.071875
0 0.55078125 0.6953125 0.034375 0.1015625
0 0.61875 0.75390625 0.0578125 0.1484375
0 0.69453125 0.7453125 0.0640625 0.13125
1 0.3234375 0.29921875 0.028125 0.0578125
1 0.7 0.38203125 0.059375 0.0640625
1 0.64296875 0.3765625 0.0296875 0.04375