3 0.61953125 0.3515625 0.0609375 0.0765625
3 0.79375 0.39453125 0.0484375 0.05
3 0.68671875 0.38203125 0.0375 0.0421875
10 0.73671875 0.40703125 0.059375 0.0859375
10 0.825 0.44453125 0.0515625 0.0625
10 0.68828125 0.4171875 0.046875 0.046875
3 0.36328125 0.36328125 0.040625 0.040625
10 0.5375 0.4046875 0.040625 0.078125
3 0.55703125 0.41171875 0.028125 0.0359375
3 0.496875 0.40234375 0.0390625 0.05625
10 0.4 0.3875 0.05625 0.0890625
10 0.32734375 0.3859375 0.0375 0.0625
10 0.4640625 0.4203125 0.040625 0.0515625
10 0.67421875 0.47734375 0.05625 0.109375
10 0.496875 0.44296875 0.025 0.0484375
10 0.46953125 0.4390625 0.0796875 0.1375
10 0.76796875 0.50859375 0.1 0.159375
10 0.53515625 0.49765625 0.046875 0.109375
10 0.34765625 0.48125 0.10625 0.171875
10 0.590625 0.54609375 0.1390625 0.2625