3 0.8109375 0.1328125 0.0671875 0.09375
3 0.509375 0.22734375 0.053125 0.090625
3 0.66953125 0.24140625 0.05 0.075
3 0.453125 0.2625 0.040625 0.0640625
3 0.5890625 0.26171875 0.0359375 0.053125
3 0.38125 0.3 0.0453125 0.0921875
10 0.83359375 0.36015625 0.11875 0.29375
3 0.21171875 0.40859375 0.0625 0.065625
10 0.45234375 0.4015625 0.0578125 0.1890625
10 0.59765625 0.39765625 0.071875 0.1953125
10 0.521875 0.4109375 0.10625 0.2578125
10 0.3984375 0.43828125 0.09375 0.2390625
10 0.68203125 0.44375 0.1078125 0.26875
10 0.23515625 0.596875 0.121875 0.2734375
0 0.3265625 0.7890625 0.0546875 0.0796875
0 0.796875 0.76640625 0.0875 0.1109375
0 0.87578125 0.83359375 0.0765625 0.0984375
0 0.353125 0.76171875 0.0625 0.0625
0 0.3984375 0.72421875 0.0546875 0.075
0 0.7296875 0.76953125 0.0515625 0.078125