3 0.909375 0.246875 0.084375 0.103125
3 0.59296875 0.24375 0.06875 0.096875
3 0.74140625 0.30625 0.0640625 0.08125
3 0.52890625 0.259375 0.053125 0.0703125
3 0.65859375 0.30078125 0.0453125 0.0578125
3 0.44921875 0.27265625 0.0625 0.0984375
10 0.8609375 0.4703125 0.175 0.30625
3 0.2546875 0.32421875 0.0734375 0.075
10 0.48515625 0.39140625 0.0953125 0.19375
10 0.625 0.4328125 0.109375 0.2015625
10 0.5484375 0.42265625 0.15625 0.26875
10 0.42265625 0.409375 0.1390625 0.246875
10 0.68984375 0.50234375 0.159375 0.2796875
10 0.21796875 0.51015625 0.1734375 0.2875
0 0.24609375 0.72109375 0.06875 0.0875
0 0.7 0.84453125 0.1078125 0.1234375
0 0.75390625 0.93359375 0.09375 0.1109375
0 0.2796875 0.70390625 0.0734375 0.0734375
0 0.33359375 0.68203125 0.06875 0.0828125
0 0.63515625 0.82734375 0.065625 0.084375
1 0.89453125 0.5484375 0.1234375 0.178125
1 0.796875 0.5 0.1234375 0.1765625
1 0.72421875 0.54765625 0.0921875 0.165625
1 0.64375 0.5265625 0.11875 0.190625
1 0.5875 0.45625 0.0890625 0.146875
1 0.48984375 0.43984375 0.103125 0.1671875
1 0.30546875 0.5765625 0.0625 0.109375
7 0.38125 0.2953125 0.0828125 0.1171875