3 0.73515625 0.0796875 0.0828125 0.103125
3 0.45703125 0.23046875 0.06875 0.096875
3 0.6171875 0.2140625 0.0625 0.08125
3 0.40859375 0.27578125 0.0515625 0.0703125
3 0.5421875 0.2484375 0.0453125 0.0578125
3 0.3453125 0.32578125 0.0609375 0.0984375
10 0.80078125 0.29921875 0.1703125 0.3046875
3 0.2 0.465625 0.0734375 0.075
10 0.434375 0.4125 0.090625 0.19375
10 0.5765625 0.38125 0.1078125 0.203125
10 0.5046875 0.40859375 0.1515625 0.26875
10 0.38828125 0.45859375 0.1359375 0.246875
10 0.6671875 0.41015625 0.1546875 0.278125
10 0.25859375 0.6453125 0.1703125 0.2875
0 0.38515625 0.8171875 0.0671875 0.0875
0 0.8421875 0.7046875 0.1046875 0.1234375
0 0.9328125 0.75625 0.0921875 0.109375
0 0.40625 0.78515625 0.071875 0.071875
0 0.44296875 0.73984375 0.0671875 0.0828125
0 0.77734375 0.72109375 0.0671875 0.084375