3 0.41640625 0.14921875 0.0875 0.10625
3 0.0328125 0.27578125 0.065625 0.1046875
3 0.178125 0.32265625 0.0703125 0.109375
3 0.6203125 0.24453125 0.096875 0.1203125
3 0.3109375 0.31328125 0.075 0.0953125
10 0.07578125 0.471875 0.1515625 0.29375
10 0.01796875 0.49765625 0.0359375 0.1421875
10 0.46875 0.42734375 0.1921875 0.359375
10 0.21953125 0.47578125 0.140625 0.253125
10 0.13671875 0.49921875 0.0671875 0.1640625
10 0.41875 0.490625 0.0484375 0.1234375
10 0.303125 0.525 0.04375 0.14375
10 0.2796875 0.53671875 0.05 0.109375
10 0.53046875 0.490625 0.0875 0.2109375
10 0.38671875 0.52421875 0.08125 0.16875
10 0.184375 0.56484375 0.034375 0.0875
10 0.34609375 0.534375 0.15625 0.2953125
10 0.67578125 0.58515625 0.2453125 0.490625
10 0.5828125 0.665625 0.1046875 0.2625
10 0.77265625 0.69765625 0.10625 0.2171875
0 0.090625 0.8328125 0.08125 0.134375
0 0.1609375 0.8125 0.065625 0.11875
0 0.24375 0.79140625 0.0859375 0.1734375
0 0.30703125 0.7953125 0.0734375 0.196875
0 0.36953125 0.81484375 0.0890625 0.16875
0 0.428125 0.83203125 0.08125 0.2046875
0 0.51328125 0.91328125 0.075 0.1140625
0 0.5734375 0.92265625 0.0828125 0.15