3 0.71015625 0.1890625 0.03125 0.046875
3 0.4234375 0.234375 0.0296875 0.0515625
3 0.59765625 0.234375 0.0328125 0.0484375
3 0.36015625 0.26875 0.03125 0.0484375
3 0.5375 0.26875 0.0328125 0.05
3 0.47421875 0.28984375 0.025 0.0328125
10 0.4328125 0.340625 0.0671875 0.1328125
3 0.72734375 0.31796875 0.078125 0.1640625
10 0.4171875 0.35546875 0.0296875 0.09375
10 0.61484375 0.3359375 0.053125 0.1328125
10 0.55 0.3515625 0.0609375 0.1203125
10 0.640625 0.34296875 0.0328125 0.071875
10 0.48671875 0.37578125 0.05625 0.1203125
10 0.46875 0.37734375 0.0265625 0.0734375
10 0.375 0.3875 0.075 0.1609375
10 0.5265625 0.37890625 0.0203125 0.0484375
10 0.5109375 0.3828125 0.021875 0.0640625
10 0.575 0.37890625 0.0171875 0.053125
10 0.4109375 0.43046875 0.0234375 0.0734375
10 0.35390625 0.4390625 0.0296875 0.065625