3 0.48515625 0.30078125 0.0796875 0.0828125
3 0.715625 0.3515625 0.0359375 0.0578125
3 0.9546875 0.384375 0.0609375 0.0578125
3 0.33984375 0.39765625 0.0453125 0.06875
3 0.44609375 0.41171875 0.021875 0.0390625
3 0.5875 0.43046875 0.028125 0.0421875
10 0.715625 0.50078125 0.0765625 0.196875
10 0.346875 0.55625 0.084375 0.228125
10 0.58984375 0.55625 0.0625 0.1578125
10 0.94609375 0.61875 0.1078125 0.303125
10 0.47265625 0.62890625 0.15 0.4015625
1 0.30546875 0.58125 0.0453125 0.121875
1 0.38828125 0.5765625 0.0515625 0.1359375
1 0.61796875 0.55859375 0.0578125 0.1234375
1 0.6828125 0.53125 0.0390625 0.121875
1 0.7640625 0.52734375 0.078125 0.1390625
1 0.8890625 0.65 0.06875 0.2296875