3 0.56015625 0.14453125 0.0890625 0.1078125
3 0.153125 0.11015625 0.078125 0.10625
3 0.27265625 0.21171875 0.071875 0.109375
3 0.7109375 0.31171875 0.0984375 0.121875
3 0.39921875 0.25390625 0.0765625 0.096875
10 0.11484375 0.30625 0.16875 0.29375
10 0.046875 0.30546875 0.0609375 0.1421875
10 0.5 0.42109375 0.1984375 0.359375
10 0.2515625 0.36796875 0.14375 0.2546875
10 0.16640625 0.35703125 0.0703125 0.1640625
10 0.42890625 0.459375 0.0515625 0.1234375
10 0.309375 0.44609375 0.046875 0.14375
10 0.2828125 0.44765625 0.0515625 0.109375
10 0.53125 0.503125 0.090625 0.2125
10 0.38671875 0.478125 0.084375 0.1703125
10 0.184375 0.4359375 0.0359375 0.0875
10 0.34453125 0.471875 0.1609375 0.296875
10 0.628125 0.646875 0.253125 0.4921875
10 0.51171875 0.684375 0.1078125 0.2625
10 0.6734375 0.78828125 0.109375 0.2171875