3 0.42734375 0.146875 0.090625 0.109375
3 0.8328125 0.0984375 0.08125 0.10625
3 0.71640625 0.20390625 0.075 0.1109375
3 0.2828125 0.31875 0.1015625 0.1234375
3 0.5921875 0.25078125 0.078125 0.0984375
10 0.878125 0.29296875 0.178125 0.2953125
10 0.94609375 0.28984375 0.065625 0.1421875
10 0.496875 0.42109375 0.2078125 0.3625
10 0.74375 0.359375 0.1515625 0.2546875
10 0.82890625 0.3453125 0.075 0.1640625
10 0.56953125 0.45703125 0.0546875 0.1234375
10 0.68828125 0.4390625 0.0515625 0.14375
10 0.715625 0.43984375 0.0546875 0.1109375
10 0.46875 0.5046875 0.096875 0.2125
10 0.6125 0.47421875 0.0890625 0.1703125
10 0.81328125 0.425 0.0390625 0.0875
10 0.65390625 0.46640625 0.1703125 0.2984375
10 0.3765625 0.6515625 0.26875 0.49375
10 0.49453125 0.68515625 0.1171875 0.2625
10 0.33671875 0.79453125 0.115625 0.2171875
0 0.98359375 0.62734375 0.0328125 0.1359375
0 0.9390625 0.63984375 0.0703125 0.1203125
0 0.85546875 0.65625 0.09375 0.1734375
0 0.8 0.6859375 0.0828125 0.196875
0 0.7515625 0.73046875 0.096875 0.1703125
0 0.70546875 0.77109375 0.0921875 0.2046875
0 0.6625 0.88046875 0.0796875 0.115625
0 0.61171875 0.9140625 0.0890625 0.1515625