3 0.67734375 0.21015625 0.05 0.0984375
3 0.2953125 0.19921875 0.040625 0.0703125
3 0.57109375 0.26171875 0.046875 0.0984375
3 0.43671875 0.29296875 0.04375 0.0546875
3 0.1265625 0.33828125 0.0515625 0.0828125
10 0.82890625 0.3859375 0.121875 0.3546875
10 0.69140625 0.39765625 0.10625 0.2578125
10 0.30078125 0.38515625 0.1046875 0.2328125
10 0.571875 0.4015625 0.0921875 0.203125
10 0.446875 0.4671875 0.1078125 0.225
10 0.13359375 0.534375 0.1015625 0.271875
3 0.82578125 0.109375 0.0671875 0.06875