3 0.57109375 0.32265625 0.0546875 0.0734375
3 0.75 0.31328125 0.04375 0.0453125
3 0.64375 0.3328125 0.0328125 0.040625
10 0.69921875 0.3421875 0.05 0.08125
10 0.79453125 0.3515625 0.0453125 0.0578125
10 0.65625 0.365625 0.0421875 0.0421875
3 0.32890625 0.409375 0.0375 0.0375
10 0.50859375 0.3984375 0.03125 0.0765625
3 0.52890625 0.3984375 0.025 0.034375
3 0.46875 0.4078125 0.034375 0.0546875
10 0.371875 0.421875 0.0484375 0.0859375
10 0.30078125 0.44140625 0.03125 0.059375
10 0.4421875 0.434375 0.034375 0.0484375
10 0.66015625 0.42734375 0.0453125 0.1078125
10 0.48046875 0.44609375 0.0203125 0.0484375
10 0.453125 0.45078125 0.0640625 0.134375
10 0.75859375 0.4296875 0.0828125 0.1546875
10 0.5328125 0.4875 0.034375 0.1078125
10 0.3484375 0.5265625 0.0890625 0.165625
10 0.6 0.51796875 0.1109375 0.25625