10 0.1890625 0.315625 0.15625 0.303125
10 0.5609375 0.409375 0.08125 0.19375
10 0.4171875 0.38515625 0.0984375 0.2015625
10 0.490625 0.409375 0.140625 0.265625
10 0.609375 0.453125 0.125 0.2453125
10 0.328125 0.41875 0.1421875 0.2765625
10 0.7484375 0.6328125 0.1578125 0.284375
0 0.63125 0.81015625 0.0640625 0.0859375
0 0.16875 0.721875 0.1 0.1203125
0 0.08125 0.778125 0.0890625 0.1078125
0 0.60859375 0.7796875 0.0703125 0.0703125
0 0.56953125 0.73671875 0.0640625 0.0796875
0 0.234375 0.73515625 0.0640625 0.0828125
0 0.46328125 0.73515625 0.0875 0.159375
0 0.3890625 0.728125 0.0734375 0.1421875
0 0.3109375 0.71015625 0.0828125 0.1328125