10 0.16640625 0.36015625 0.11875 0.29375
10 0.54765625 0.4015625 0.05625 0.1890625
10 0.40234375 0.39765625 0.071875 0.196875
10 0.478125 0.4109375 0.10625 0.2578125
10 0.6015625 0.43828125 0.09375 0.2390625
10 0.31796875 0.44375 0.1078125 0.26875
10 0.76484375 0.596875 0.121875 0.2734375
0 0.6734375 0.7890625 0.0546875 0.08125
0 0.203125 0.76640625 0.0859375 0.1109375
0 0.12421875 0.83359375 0.0765625 0.0984375
0 0.646875 0.76171875 0.0625 0.0625
0 0.6015625 0.72421875 0.0546875 0.075
0 0.2703125 0.76953125 0.053125 0.078125
0 0.49609375 0.7375 0.0671875 0.153125
0 0.421875 0.74140625 0.0546875 0.1375
0 0.3421875 0.734375 0.0671875 0.1265625