3 0.7921875 0.2640625 0.034375 0.046875
3 0.5046875 0.22421875 0.034375 0.0515625
3 0.67109375 0.275 0.0359375 0.05
3 0.43359375 0.23828125 0.034375 0.05
3 0.60390625 0.28984375 0.0359375 0.0515625
3 0.53671875 0.29140625 0.028125 0.034375
10 0.4828125 0.328125 0.078125 0.1359375
3 0.77109375 0.39296875 0.0921875 0.1671875
10 0.46328125 0.3375 0.0375 0.09375
10 0.6578125 0.3765625 0.0625 0.134375
10 0.590625 0.37265625 0.0703125 0.1234375
10 0.68046875 0.390625 0.0375 0.0734375
10 0.52421875 0.37734375 0.0640625 0.121875
10 0.50625 0.37421875 0.0328125 0.0734375
10 0.41328125 0.35546875 0.0875 0.1625
10 0.5609375 0.39140625 0.0234375 0.0484375
10 0.5453125 0.390625 0.025 0.0625
10 0.60703125 0.40625 0.021875 0.053125
10 0.43515625 0.4078125 0.0296875 0.0734375
10 0.378125 0.39921875 0.0359375 0.0671875
0 0.75 0.61796875 0.0609375 0.0765625
0 0.7 0.61484375 0.0515625 0.075
0 0.64140625 0.55 0.0421875 0.065625
0 0.61875 0.5421875 0.0375 0.0640625
0 0.4625 0.51328125 0.0296875 0.08125
0 0.43125 0.525 0.040625 0.0828125
0 0.35234375 0.5453125 0.0625 0.11875
0 0.38671875 0.54921875 0.0546875 0.0984375
0 0.57109375 0.52890625 0.0421875 0.06875
0 0.5484375 0.53359375 0.0453125 0.0734375
0 0.51328125 0.521875 0.04375 0.0546875
0 0.484375 0.51875 0.025 0.04375