3 0.5296875 0.30234375 0.09375 0.0953125
3 0.74296875 0.40390625 0.0453125 0.0640625
3 0.96640625 0.48828125 0.0671875 0.0671875
3 0.3671875 0.3640625 0.0578125 0.0765625
3 0.4671875 0.40234375 0.0296875 0.0421875
3 0.6015625 0.45234375 0.0359375 0.046875
10 0.71015625 0.54921875 0.1125 0.20625
10 0.33828125 0.52109375 0.125 0.2375
10 0.575 0.575 0.090625 0.165625
10 0.909375 0.71640625 0.1671875 0.3171875
10 0.44453125 0.61953125 0.2234375 0.4203125
1 0.2921875 0.5359375 0.0671875 0.128125
1 0.3734375 0.54921875 0.075 0.1421875
1 0.60234375 0.58359375 0.0796875 0.13125
1 0.67109375 0.57109375 0.0609375 0.1265625
1 0.75078125 0.5859375 0.1015625 0.15
1 0.8453125 0.734375 0.1109375 0.2375