3 0.1140625 0.21171875 0.0765625 0.1
3 0.4296875 0.2359375 0.0625 0.0953125
3 0.2765625 0.2859375 0.059375 0.0796875
3 0.4921875 0.2578125 0.0484375 0.06875
3 0.359375 0.2875 0.040625 0.05625
3 0.5703125 0.278125 0.05625 0.096875
10 0.14375 0.4390625 0.1515625 0.303125
3 0.76015625 0.34609375 0.06875 0.071875
10 0.52421875 0.39375 0.0796875 0.19375
10 0.38125 0.42265625 0.0953125 0.2
10 0.45859375 0.41875 0.1359375 0.265625
10 0.58515625 0.41640625 0.1203125 0.2453125
10 0.31015625 0.4859375 0.1375 0.2765625
10 0.7796875 0.534375 0.153125 0.2828125
0 0.734375 0.74296875 0.0625 0.084375
0 0.2703125 0.82578125 0.1 0.11875
0 0.20859375 0.91015625 0.0875 0.10625
0 0.7015625 0.721875 0.06875 0.06875
0 0.64921875 0.69609375 0.0625 0.0796875
0 0.33671875 0.8140625 0.0609375 0.0828125