3 0.109375 0.21875 0.078125 0.1015625
3 0.425 0.2375 0.0640625 0.0953125
3 0.27265625 0.290625 0.059375 0.0796875
3 0.48828125 0.2578125 0.0484375 0.06875
3 0.35546875 0.28984375 0.0421875 0.05625
3 0.56640625 0.27734375 0.0578125 0.096875
10 0.1421875 0.4453125 0.15625 0.303125
3 0.75703125 0.34140625 0.0703125 0.0734375
10 0.521875 0.39296875 0.0828125 0.19375
10 0.38046875 0.42421875 0.0984375 0.2
10 0.45703125 0.41953125 0.140625 0.265625
10 0.58359375 0.415625 0.125 0.2453125
10 0.31015625 0.4890625 0.1421875 0.2765625
10 0.78046875 0.5296875 0.1578125 0.284375
0 0.73828125 0.73828125 0.0640625 0.084375
0 0.27578125 0.8296875 0.1015625 0.1203125
0 0.21640625 0.91484375 0.0890625 0.1078125
0 0.70546875 0.71875 0.0703125 0.0703125
0 0.653125 0.69296875 0.0640625 0.0796875
0 0.3421875 0.8171875 0.0625 0.0828125
1 0.103125 0.5203125 0.1140625 0.175
1 0.20390625 0.4796875 0.1140625 0.1734375
1 0.2734375 0.53203125 0.0828125 0.1640625
1 0.35546875 0.51640625 0.1078125 0.1890625
1 0.415625 0.45 0.08125 0.1453125
1 0.51484375 0.440625 0.09375 0.165625
1 0.68828125 0.58984375 0.05625 0.109375
7 0.6328125 0.30390625 0.0765625 0.115625