3 0.56171875 0.31953125 0.0578125 0.075
3 0.73984375 0.30078125 0.046875 0.046875
3 0.63515625 0.32578125 0.034375 0.040625
10 0.690625 0.33203125 0.0546875 0.0828125
10 0.7859375 0.33671875 0.0484375 0.059375
10 0.6484375 0.3578125 0.04375 0.04375
3 0.32421875 0.41796875 0.0390625 0.0390625
10 0.503125 0.39765625 0.0359375 0.078125
3 0.5234375 0.39765625 0.0265625 0.0359375
3 0.46328125 0.409375 0.0359375 0.0546875
10 0.36796875 0.42890625 0.0515625 0.0875
10 0.2984375 0.4515625 0.034375 0.0609375
10 0.4390625 0.4375 0.0375 0.05
10 0.65546875 0.41875 0.05 0.109375
10 0.47734375 0.446875 0.021875 0.0484375
10 0.45078125 0.453125 0.0703125 0.1359375
10 0.7546875 0.41640625 0.090625 0.15625
10 0.53203125 0.4859375 0.0390625 0.109375
10 0.35 0.534375 0.096875 0.16875
10 0.6015625 0.5125 0.1234375 0.259375
0 0.8328125 0.671875 0.0703125 0.1296875
0 0.76953125 0.675 0.05625 0.11875
0 0.6953125 0.84453125 0.0671875 0.1078125
0 0.60078125 0.85859375 0.078125 0.146875
0 0.503125 0.6703125 0.040625 0.0734375
0 0.46328125 0.6984375 0.0421875 0.103125
0 0.39921875 0.76171875 0.0671875 0.1515625
0 0.3234375 0.75859375 0.071875 0.134375
1 0.66171875 0.2875 0.0328125 0.0578125
1 0.2921875 0.39609375 0.0640625 0.06875
1 0.3484375 0.3875 0.0328125 0.0453125