3 0.33515625 0.1625 0.0359375 0.0484375
3 0.6125 0.24765625 0.0359375 0.0546875
3 0.43984375 0.2234375 0.0375 0.05
3 0.6703125 0.290625 0.0375 0.05
3 0.49453125 0.265625 0.0390625 0.0515625
3 0.5546875 0.2953125 0.028125 0.0359375
10 0.58828125 0.3515625 0.084375 0.1375
3 0.3 0.28828125 0.0984375 0.16875
10 0.60234375 0.36875 0.0421875 0.09375
10 0.409375 0.32109375 0.06875 0.1359375
10 0.47109375 0.34609375 0.075 0.1234375
10 0.3828125 0.325 0.040625 0.075
10 0.53046875 0.37890625 0.0703125 0.1234375
10 0.54765625 0.3828125 0.0359375 0.075
10 0.6390625 0.40625 0.0953125 0.165625
10 0.490625 0.37578125 0.0265625 0.05
10 0.50546875 0.38203125 0.0296875 0.0640625
10 0.4421875 0.36953125 0.025 0.053125
10 0.59765625 0.44375 0.0328125 0.0734375
10 0.653125 0.46015625 0.0375 0.0671875