3 0.47109375 0.140625 0.08125 0.103125
3 0.8796875 0.14140625 0.0703125 0.1015625
3 0.7515625 0.23203125 0.0640625 0.1078125
3 0.30625 0.29375 0.090625 0.1171875
3 0.621875 0.2640625 0.06875 0.0921875
10 0.90078125 0.340625 0.1484375 0.2890625
10 0.96796875 0.3453125 0.05 0.1421875
10 0.50703125 0.42109375 0.1703125 0.353125
10 0.75859375 0.390625 0.125 0.2484375
10 0.8453125 0.38671875 0.05625 0.1625
10 0.57421875 0.465625 0.040625 0.121875
10 0.69453125 0.4625 0.034375 0.1453125
10 0.72109375 0.46640625 0.0421875 0.109375
10 0.46875 0.50078125 0.075 0.2109375
10 0.61484375 0.48828125 0.0703125 0.1671875
10 0.81953125 0.4640625 0.0296875 0.0875
10 0.65703125 0.48515625 0.1359375 0.2921875
10 0.359375 0.63515625 0.215625 0.484375
10 0.471875 0.6828125 0.0875 0.2609375
10 0.30234375 0.771875 0.0921875 0.2140625