9 0.9171875 0.6234375 0.165625 0.70625
3 0.890625 0.3609375 0.09375 0.1671875
0 0.98203125 0.90546875 0.0359375 0.1234375
10 0.94375 0.52109375 0.09375 0.1734375
9 0.75703125 0.6703125 0.178125 0.6
3 0.73984375 0.45859375 0.08125 0.125
10 0.75625 0.58671875 0.1046875 0.2390625
0 0.82109375 0.90078125 0.0453125 0.11875
9 0.603125 0.70859375 0.1046875 0.5625
3 0.5921875 0.49921875 0.0609375 0.1125
10 0.59609375 0.61953125 0.084375 0.2015625
0 0.63515625 0.9140625 0.0265625 0.10625
9 0.5125 0.70703125 0.1234375 0.5515625
3 0.52421875 0.496875 0.053125 0.11875
10 0.49921875 0.62578125 0.0875 0.1703125
0 0.54453125 0.90625 0.0296875 0.096875
9 0.38671875 0.6953125 0.1671875 0.609375
3 0.3828125 0.4390625 0.0890625 0.1046875
10 0.3859375 0.590625 0.1125 0.2203125
5 0.35703125 0.753125 0.0328125 0.096875
5 0.43671875 0.74296875 0.0453125 0.0890625
9 0.10625 0.58828125 0.20625 0.8234375
3 0.11640625 0.25625 0.1078125 0.1625
10 0.0953125 0.4953125 0.153125 0.3203125
0 0.9265625 0.90859375 0.065625 0.128125
0 0.778125 0.9203125 0.0484375 0.0859375
0 0.60546875 0.9265625 0.0375 0.0984375
0 0.515625 0.90078125 0.0328125 0.096875
5 0.23125 0.6140625 0.0515625 0.05625
3 0.2453125 0.44765625 0.0546875 0.0765625
3 0.18515625 0.45 0.040625 0.0828125
5 0.1796875 0.56875 0.05 0.0828125
0 0.271875 0.96953125 0.05625 0.0609375
0 0.23125 0.9640625 0.05 0.071875
1 0.73125 0.70625 0.040625 0.06875
5 0.884375 0.49375 0.05625 0.0796875