9 0.38359375 0.5390625 0.2640625 0.390625
3 0.37109375 0.38671875 0.0953125 0.090625
0 0.375 0.66015625 0.1625 0.1234375
1 0.44140625 0.546875 0.0796875 0.0875
9 0.1421875 0.5671875 0.284375 0.478125
3 0.16171875 0.3953125 0.1046875 0.0875
0 0.10078125 0.72421875 0.175 0.1328125
10 0.15546875 0.48046875 0.1953125 0.2
10 0.58359375 0.50625 0.1578125 0.16875
9 0.5953125 0.5640625 0.234375 0.365625
3 0.628125 0.43671875 0.084375 0.0765625
9 0.809375 0.72109375 0.296875 0.40625
3 0.740625 0.57265625 0.0890625 0.0953125
1 0.7703125 0.73203125 0.090625 0.109375
0 0.7765625 0.85390625 0.084375 0.1234375
3 0.76875 0.47109375 0.08125 0.0703125
0 0.85546875 0.87265625 0.0859375 0.115625