9 0.28203125 0.53671875 0.40546875 0.92578125
3 0.28671875 0.15703125 0.20703125 0.08984375
5 0.15546875 0.57421875 0.125 0.16171875
5 0.41484375 0.5875 0.06875 0.10625
0 0.1625 0.92421875 0.128125 0.15078125
8 0.26953125 0.42421875 0.24609375 0.3453125
9 0.70703125 0.53046875 0.390625 0.9390625
3 0.7125 0.12109375 0.1671875 0.10625
10 0.69609375 0.39296875 0.22890625 0.359375
5 0.83125 0.61328125 0.12734375 0.1125
5 0.57578125 0.5625 0.06953125 0.07109375
0 0.590625 0.9265625 0.1390625 0.146875
0 0.7671875 0.92421875 0.15703125 0.15078125
0 0.3046875 0.90234375 0.1296875 0.13046875