9 0.89609375 0.66640625 0.2078125 0.6671875
3 0.9078125 0.4234375 0.1015625 0.171875
0 0.91796875 0.95703125 0.0546875 0.0859375
10 0.93515625 0.590625 0.1015625 0.1765625
9 0.7265625 0.70234375 0.209375 0.5953125
3 0.74296875 0.496875 0.0875 0.128125
10 0.73984375 0.62578125 0.115625 0.2421875
0 0.75390625 0.94296875 0.0515625 0.1140625
9 0.56875 0.7203125 0.134375 0.559375
3 0.59140625 0.51328125 0.065625 0.1140625
10 0.5765625 0.6328125 0.09375 0.2046875
0 0.56875 0.9296875 0.03125 0.1078125
9 0.4796875 0.70625 0.1515625 0.553125
3 0.52421875 0.50078125 0.059375 0.1203125
10 0.4796875 0.62421875 0.0953125 0.1734375
0 0.48046875 0.9078125 0.034375 0.0984375
9 0.35703125 0.6796875 0.1984375 0.6234375
3 0.39375 0.42109375 0.09375 0.109375
10 0.3734375 0.571875 0.1234375 0.2234375
5 0.31875 0.72734375 0.0375 0.0984375
5 0.4 0.7296875 0.05 0.090625
9 0.11015625 0.5375 0.2203125 0.853125
3 0.159375 0.19921875 0.115625 0.1671875
10 0.10078125 0.43203125 0.1703125 0.3265625
0 0.8578125 0.95234375 0.071875 0.0953125
0 0.7078125 0.95703125 0.053125 0.0859375
0 0.5375 0.9375 0.0421875 0.1
0 0.45234375 0.89765625 0.0375 0.0984375
5 0.2171875 0.57109375 0.053125 0.059375
3 0.25703125 0.40859375 0.0578125 0.078125
3 0.196875 0.4015625 0.04375 0.084375
5 0.17265625 0.5171875 0.053125 0.084375
0 0.2 0.93515625 0.0609375 0.0765625
0 0.16171875 0.91796875 0.0546875 0.075
1 0.69609375 0.73984375 0.04375 0.0703125
5 0.88046875 0.55390625 0.059375 0.08125