9 0.709375 0.49140625 0.58125 0.9828125
3 0.63046875 0.11796875 0.221875 0.134375
5 0.85234375 0.49453125 0.1578125 0.1859375
5 0.60234375 0.56640625 0.090625 0.11875
0 0.921875 0.8375 0.15625 0.175
8 0.7078125 0.37421875 0.3171875 0.3921875
9 0.30546875 0.5375 0.5921875 0.925
3 0.2078125 0.17890625 0.1875 0.140625
10 0.28515625 0.43984375 0.303125 0.4015625
5 0.20234375 0.68515625 0.15 0.1375
5 0.43984375 0.578125 0.084375 0.084375
0 0.5078125 0.92421875 0.16875 0.1515625
0 0.334375 0.940625 0.1875 0.11875
0 0.78046875 0.8484375 0.15625 0.15625