9 0.71015625 0.53984375 0.5296875 0.9203125
3 0.75859375 0.18984375 0.2171875 0.1171875
5 0.83046875 0.62109375 0.146875 0.178125
5 0.571875 0.5984375 0.0828125 0.1140625
0 0.77421875 0.94140625 0.1484375 0.1171875
8 0.7390625 0.45703125 0.2921875 0.3765625
9 0.290625 0.5015625 0.5171875 0.984375
3 0.3421875 0.0953125 0.1796875 0.128125
10 0.32109375 0.36640625 0.2765625 0.3875
5 0.15625 0.56640625 0.1421875 0.1296875
5 0.41640625 0.5515625 0.078125 0.0796875
0 0.35078125 0.91015625 0.1578125 0.1640625
0 0.1765625 0.8828125 0.1765625 0.171875
0 0.6375 0.92578125 0.146875 0.146875