9 0.23515625 0.59140625 0.4703125 0.8171875
3 0.14140625 0.28671875 0.2234375 0.1609375
10 0.18203125 0.55703125 0.309375 0.384375
5 0.13046875 0.68046875 0.178125 0.20625
0 0.2265625 0.93203125 0.1125 0.1359375
9 0.54921875 0.56796875 0.478125 0.85625
3 0.51640625 0.26875 0.19375 0.1890625
10 0.55625 0.4890625 0.275 0.359375
5 0.4390625 0.56953125 0.109375 0.2296875
0 0.54375 0.875 0.134375 0.2
9 0.8046875 0.50625 0.390625 0.8625
3 0.73828125 0.21953125 0.2125 0.196875
10 0.82734375 0.43125 0.3453125 0.378125
0 0.85078125 0.83125 0.15 0.2078125
0 0.3390625 0.95234375 0.121875 0.0953125
0 0.64921875 0.8296875 0.1328125 0.1828125
0 0.95625 0.8109375 0.0875 0.184375
5 0.74921875 0.4984375 0.09375 0.1046875
5 0.59921875 0.51171875 0.1375 0.11875
5 0.9625 0.54375 0.075 0.103125