9 0.4359375 0.51328125 0.47421875 0.9734375
3 0.590625 0.0921875 0.125 0.11484375
5 0.29765625 0.1625 0.17265625 0.19453125
0 0.4859375 0.9484375 0.096875 0.10234375
10 0.55625 0.36484375 0.2203125 0.378125
5 0.5765625 0.390625 0.13359375 0.09921875
6 0.57109375 0.11796875 0.071875 0.04296875
9 0.8140625 0.51953125 0.27578125 0.9609375
3 0.79140625 0.12421875 0.16484375 0.11640625
6 0.76640625 0.16015625 0.096875 0.0578125
5 0.7296875 0.44375 0.103125 0.1578125
10 0.784375 0.40546875 0.18359375 0.36875
4 0.775 0.875 0.1875 0.25
0 0.59765625 0.94609375 0.1125 0.1078125