9 0.1796875 0.5625 0.3453125 0.8703125
3 0.209375 0.20078125 0.2046875 0.11875
10 0.17890625 0.47265625 0.240625 0.3421875
5 0.09609375 0.57890625 0.1421875 0.1796875
0 0.1203125 0.86328125 0.0796875 0.15625
9 0.5296875 0.57890625 0.30625 0.815625
3 0.57578125 0.28125 0.1640625 0.1578125
10 0.55703125 0.50390625 0.209375 0.3234375
5 0.4234375 0.5515625 0.0609375 0.2234375
0 0.4453125 0.8734375 0.096875 0.1859375
9 0.8375 0.59375 0.309375 0.8125
3 0.803125 0.29140625 0.18125 0.1609375
10 0.8359375 0.5203125 0.2859375 0.325
0 0.75234375 0.9078125 0.1109375 0.184375
0 0.21875 0.92578125 0.09375 0.140625
0 0.55859375 0.85703125 0.0984375 0.1671875
0 0.9015625 0.925 0.14375 0.15
5 0.74140625 0.5625 0.075 0.090625
5 0.59296875 0.53671875 0.1203125 0.0953125
5 0.94140625 0.66484375 0.06875 0.090625