9 0.184375 0.80390625 0.203125 0.2875
9 0.43671875 0.83359375 0.2078125 0.3328125
9 0.865625 0.8078125 0.2125 0.384375
3 0.1859375 0.68671875 0.05 0.0375
3 0.4109375 0.725 0.046875 0.0515625
3 0.8640625 0.67890625 0.0734375 0.075
0 0.146875 0.89296875 0.0765625 0.084375
0 0.40390625 0.93671875 0.0421875 0.078125
0 0.84609375 0.9546875 0.0390625 0.090625
10 0.1734375 0.7515625 0.1140625 0.1046875
10 0.42421875 0.775 0.1109375 0.0859375
10 0.8671875 0.76328125 0.125 0.14375
0 0.4484375 0.92890625 0.0453125 0.071875
0 0.89765625 0.95390625 0.0640625 0.0921875
3 0.8984375 0.65 0.0046875 0.003125