9 0.3890625 0.553125 0.22109375 0.365625
3 0.35859375 0.403125 0.0859375 0.08125
0 0.3953125 0.67421875 0.15 0.10625
1 0.44765625 0.55390625 0.07109375 0.0796875
9 0.13984375 0.61171875 0.259375 0.44921875
3 0.1515625 0.4375 0.09609375 0.0765625
0 0.13125 0.77109375 0.16171875 0.11328125
10 0.15546875 0.52265625 0.175 0.18046875
10 0.58359375 0.49609375 0.140625 0.15234375
9 0.60234375 0.55234375 0.19453125 0.34453125
3 0.61953125 0.421875 0.07734375 0.0671875
9 0.834375 0.68203125 0.25234375 0.378125
3 0.74765625 0.54296875 0.07890625 0.08671875
1 0.796875 0.69765625 0.07890625 0.10078125
0 0.81796875 0.8171875 0.07109375 0.11640625
3 0.76328125 0.43828125 0.07421875 0.06171875
0 0.8984375 0.8265625 0.0734375 0.10703125