9 0.434375 0.5 0.68125 1
3 0.6796875 0.12265625 0.146875 0.140625
5 0.37890625 0.12578125 0.2125 0.228125
0 0.38515625 0.93359375 0.1171875 0.121875
10 0.58515625 0.38125 0.3 0.41875
5 0.59921875 0.4109375 0.153125 0.1265625
6 0.65546875 0.14375 0.0796875 0.0578125
9 0.7796875 0.5453125 0.440625 0.909375
3 0.86875 0.19921875 0.1875 0.15
6 0.8359375 0.22890625 0.1078125 0.078125
5 0.73671875 0.496875 0.1359375 0.1765625
10 0.7984375 0.471875 0.2625 0.4
4 0.68359375 0.8921875 0.2390625 0.215625
0 0.49375 0.9453125 0.134375 0.109375