9 0.4 0.571875 0.28125 0.3984375
3 0.34375 0.42890625 0.0984375 0.0953125
0 0.42734375 0.68984375 0.165625 0.13125
1 0.4578125 0.5625 0.084375 0.090625
9 0.165625 0.671875 0.33125 0.4875
3 0.14609375 0.49921875 0.1078125 0.0921875
0 0.18359375 0.83125 0.1796875 0.1390625
10 0.16484375 0.58203125 0.203125 0.2078125
10 0.58203125 0.48125 0.165625 0.175
9 0.61015625 0.53359375 0.2515625 0.3734375
3 0.60390625 0.40234375 0.0875 0.0796875
9 0.8515625 0.6203125 0.296875 0.415625
3 0.7515625 0.49921875 0.0921875 0.0984375
1 0.8265625 0.64296875 0.0953125 0.1125
0 0.86796875 0.75703125 0.090625 0.1265625
3 0.7484375 0.39375 0.084375 0.0734375
0 0.94921875 0.75234375 0.090625 0.11875