9 0.0796875 0.64609375 0.14765625 0.69921875
3 0.10234375 0.38125 0.08515625 0.16328125
0 0.03359375 0.93125 0.0421875 0.12109375
10 0.0578125 0.54453125 0.08515625 0.16875
9 0.25234375 0.68359375 0.14765625 0.59375
3 0.25859375 0.47109375 0.075 0.12109375
10 0.2484375 0.6 0.0921875 0.234375
0 0.2 0.9171875 0.0390625 0.1171875
9 0.4078125 0.7140625 0.07578125 0.55859375
3 0.4078125 0.50390625 0.0546875 0.109375
10 0.41015625 0.62421875 0.0734375 0.19765625
0 0.38671875 0.9203125 0.02109375 0.10546875
9 0.4984375 0.70703125 0.09453125 0.546875
3 0.47578125 0.4984375 0.046875 0.11640625
10 0.50703125 0.62578125 0.078125 0.16640625
0 0.4765625 0.9078125 0.02421875 0.09609375
9 0.6234375 0.69375 0.13515625 0.6125
3 0.6140625 0.4328125 0.08359375 0.10078125
10 0.61875 0.584375 0.10078125 0.21484375
5 0.65625 0.7453125 0.028125 0.0953125
5 0.57578125 0.7390625 0.040625 0.08671875
9 0.8984375 0.5796875 0.1625 0.840625
3 0.8703125 0.23671875 0.09921875 0.1578125
10 0.90390625 0.47421875 0.1375 0.3140625
0 0.0953125 0.93046875 0.059375 0.125
0 0.24453125 0.934375 0.04453125 0.08359375
0 0.4171875 0.93125 0.0328125 0.096875
0 0.50546875 0.90078125 0.028125 0.0953125
5 0.77421875 0.6 0.0484375 0.05390625
3 0.7515625 0.434375 0.05078125 0.0734375
3 0.81171875 0.43359375 0.0359375 0.08125
5 0.8234375 0.5515625 0.0453125 0.08046875
0 0.753125 0.9640625 0.053125 0.071875
0 0.79296875 0.95078125 0.046875 0.0703125
1 0.2796875 0.71796875 0.0375 0.06640625
5 0.115625 0.5140625 0.05234375 0.0765625