9 0.3 0.86640625 0.25 0.2671875
9 0.5484375 0.828125 0.2625 0.34375
9 0.90546875 0.6859375 0.1890625 0.4375
3 0.2640625 0.778125 0.05625 0.0453125
3 0.4890625 0.74140625 0.0546875 0.059375
3 0.90234375 0.55078125 0.084375 0.0859375
0 0.29375 0.96953125 0.090625 0.0609375
0 0.55078125 0.94375 0.0546875 0.08125
0 0.97421875 0.82421875 0.0515625 0.1078125
10 0.27265625 0.84375 0.128125 0.121875
10 0.51796875 0.784375 0.121875 0.103125
10 0.9296875 0.62890625 0.140625 0.1609375
0 0.590625 0.921875 0.05625 0.0765625
3 0.92578125 0.5125 0.0046875 0.003125