9 0.4359375 0.51171875 0.490625 0.9765625
3 0.58359375 0.090625 0.1265625 0.1171875
5 0.2921875 0.16640625 0.1765625 0.196875
0 0.49296875 0.94765625 0.0984375 0.1046875
10 0.55390625 0.3640625 0.2265625 0.38125
5 0.575 0.3890625 0.1359375 0.1015625
6 0.5640625 0.11640625 0.071875 0.04375
9 0.8140625 0.5140625 0.2921875 0.965625
3 0.78515625 0.11953125 0.1671875 0.11875
6 0.76015625 0.15546875 0.0984375 0.059375
5 0.72890625 0.43984375 0.10625 0.159375
10 0.7828125 0.40078125 0.190625 0.371875
4 0.78125 0.8703125 0.1921875 0.253125
0 0.60546875 0.94453125 0.1140625 0.109375