9 0.20625 0.825 0.184375 0.275
9 0.46015625 0.83828125 0.18515625 0.32265625
9 0.88828125 0.79765625 0.184375 0.40390625
3 0.2 0.7078125 0.0484375 0.034375
3 0.4265625 0.73046875 0.04296875 0.04921875
3 0.87578125 0.653125 0.06796875 0.07109375
0 0.175 0.91640625 0.071875 0.0796875
0 0.434375 0.9421875 0.03671875 0.075
0 0.878125 0.93671875 0.03203125 0.10234375
10 0.19140625 0.7734375 0.10703125 0.096875
10 0.44375 0.7796875 0.10546875 0.078125
10 0.884375 0.73671875 0.115625 0.1359375
0 0.478125 0.93125 0.03984375 0.06875
0 0.9296875 0.93984375 0.05625 0.11640625
3 0.9078125 0.621875 0.00390625 0.00234375