9 0.18046875 0.56796875 0.3296875 0.8640625
3 0.20390625 0.20625 0.20234375 0.11484375
10 0.178125 0.478125 0.234375 0.33828125
5 0.09765625 0.5859375 0.1390625 0.17734375
0 0.1265625 0.86953125 0.07734375 0.1546875
9 0.53125 0.578125 0.29140625 0.81015625
3 0.571875 0.2796875 0.1609375 0.1546875
10 0.55703125 0.503125 0.20390625 0.3203125
5 0.42421875 0.553125 0.05703125 0.221875
0 0.4515625 0.87421875 0.09296875 0.18359375
9 0.83984375 0.5921875 0.2953125 0.815625
3 0.79921875 0.2859375 0.17890625 0.15859375
10 0.8359375 0.5140625 0.2796875 0.3203125
0 0.76015625 0.90625 0.1078125 0.1875
0 0.2265625 0.93046875 0.090625 0.1390625
0 0.56484375 0.85625 0.09609375 0.16484375
0 0.909375 0.92265625 0.140625 0.1546875
5 0.7421875 0.55859375 0.0734375 0.08984375
5 0.59375 0.53515625 0.11875 0.09296875
5 0.94453125 0.65703125 0.0671875 0.0890625