2 0.23828125 0.125 0.4765625 0.246875
2 0.728125 0.11484375 0.5140625 0.21875
2 0.8546875 0.29296875 0.25625 0.18125
2 0.6109375 0.30390625 0.2484375 0.1375
2 0.3796875 0.32421875 0.2078125 0.1171875
2 0.13359375 0.35390625 0.234375 0.1296875
2 0.13515625 0.4890625 0.2671875 0.0921875
2 0.39453125 0.45625 0.234375 0.1203125
2 0.63046875 0.44296875 0.2484375 0.1078125
2 0.86328125 0.42734375 0.2453125 0.1328125
2 0.88359375 0.5390625 0.2328125 0.1125
2 0.646875 0.5734375 0.2484375 0.11875
2 0.4015625 0.5875 0.271875 0.11875
2 0.1359375 0.5953125 0.2484375 0.13125
2 0.1546875 0.71875 0.2765625 0.109375
2 0.39921875 0.7046875 0.240625 0.103125
2 0.64375 0.6859375 0.2546875 0.0890625
2 0.884375 0.67734375 0.2265625 0.0984375
2 0.890625 0.7875 0.21875 0.128125
2 0.8953125 0.90234375 0.209375 0.1265625
2 0.6625 0.9265625 0.221875 0.1125
2 0.64296875 0.7984375 0.225 0.1125
2 0.40625 0.8125 0.24375 0.1140625
2 0.409375 0.92890625 0.2375 0.1171875
2 0.153125 0.81953125 0.24375 0.1109375
2 0.1609375 0.9453125 0.2109375 0.096875