3 0.07265625 0.32421875 0.1453125 0.1921875
3 0.75703125 0.18125 0.20625 0.2140625
3 0.628125 0.2890625 0.1296875 0.1484375
3 0.4328125 0.32734375 0.2359375 0.2359375
3 0.27109375 0.33984375 0.19375 0.203125
3 0.1859375 0.3203125 0.140625 0.1765625
3 0.68125 0.121875 0.1515625 0.159375
3 0.8578125 0.2203125 0.090625 0.0984375
10 0.8546875 0.625 0.290625 0.59375
10 0.55703125 0.75546875 0.3328125 0.4890625
10 0.36484375 0.73125 0.2640625 0.5375
10 0.17578125 0.7203125 0.2890625 0.559375
10 0.69375 0.5484375 0.1515625 0.3421875
10 0.9484375 0.44296875 0.103125 0.3171875