3 0.1015625 0.2359375 0.1484375 0.1671875
3 0.8171875 0.24140625 0.1734375 0.1828125
3 0.66953125 0.3203125 0.1046875 0.1296875
3 0.4703125 0.3171875 0.2 0.2
3 0.309375 0.2953125 0.1609375 0.1734375
3 0.23046875 0.25859375 0.1109375 0.1578125
3 0.75625 0.16796875 0.1265625 0.1359375
3 0.90859375 0.30078125 0.075 0.0859375
10 0.82265625 0.69765625 0.1796875 0.571875
10 0.50078125 0.7671875 0.2421875 0.465625
10 0.31796875 0.70859375 0.15625 0.5421875
10 0.13515625 0.65390625 0.18125 0.5484375
10 0.6796875 0.5875 0.0859375 0.3328125
10 0.9640625 0.540625 0.0671875 0.3125