2 0.7328125 0.1109375 0.503125 0.221875
2 0.24453125 0.140625 0.4890625 0.21875
2 0.1265625 0.33125 0.253125 0.18125
2 0.36875 0.31640625 0.2484375 0.1375
2 0.6015625 0.3125 0.2078125 0.1171875
2 0.84921875 0.31640625 0.234375 0.1296875
2 0.86171875 0.4515625 0.2671875 0.0921875
2 0.60078125 0.4453125 0.234375 0.1203125
2 0.3640625 0.45703125 0.2484375 0.1078125
2 0.13125 0.465625 0.2453125 0.1328125
2 0.121875 0.57890625 0.2328125 0.1125
2 0.36171875 0.58828125 0.2484375 0.11875
2 0.60703125 0.5765625 0.271875 0.11875
2 0.871875 0.55625 0.2484375 0.13125
2 0.8640625 0.68125 0.271875 0.109375
2 0.621875 0.69296875 0.240625 0.103125
2 0.3765625 0.7 0.2546875 0.0890625
2 0.13671875 0.71640625 0.2265625 0.0984375
2 0.13671875 0.82734375 0.228125 0.128125
2 0.14453125 0.93984375 0.2171875 0.1203125
2 0.3828125 0.94140625 0.221875 0.1125
2 0.3890625 0.81171875 0.225 0.1125
2 0.62578125 0.80078125 0.24375 0.1140625
2 0.63515625 0.9171875 0.2375 0.1171875
2 0.878125 0.78046875 0.24375 0.1109375
2 0.88359375 0.9078125 0.2109375 0.096875