3 0.76328125 0.16328125 0.1734375 0.20625
3 0.03359375 0.38359375 0.0671875 0.1546875
3 0.1171875 0.39296875 0.1359375 0.1375
3 0.296875 0.30703125 0.128125 0.125
3 0.5078125 0.3203125 0.109375 0.103125
3 0.471875 0.40546875 0.0765625 0.1015625
10 0.07265625 0.7796875 0.1359375 0.440625
10 0.18203125 0.76875 0.2453125 0.4625
10 0.56640625 0.62734375 0.2 0.378125
10 0.84375 0.6203125 0.3125 0.690625
6 0.0234375 0.440625 0.046875 0.0375
6 0.140625 0.4453125 0.071875 0.071875
6 0.321875 0.3375 0.084375 0.065625
6 0.53203125 0.36875 0.0890625 0.059375
8 0.37265625 0.62578125 0.275 0.4234375