3 0.2484375 0.11953125 0.13125 0.140625
10 0.16640625 0.36640625 0.2328125 0.3390625
3 0.6140625 0.2046875 0.1296875 0.128125
3 0.92421875 0.2171875 0.11875 0.1046875
3 0.37734375 0.74140625 0.128125 0.1234375
10 0.31484375 0.63125 0.2375 0.3625
10 0.85625 0.5 0.234375 0.3484375
6 0.91328125 0.25625 0.084375 0.075
8 0.5671875 0.4484375 0.23125 0.2828125
6 0.59375 0.228125 0.0875 0.0640625
7 0.38125 0.35859375 0.1234375 0.1078125
6 0.3734375 0.40625 0.0859375 0.0625
6 0.24296875 0.15390625 0.096875 0.071875