3 0.8015625 0.1578125 0.11875 0.1296875
10 0.84921875 0.4140625 0.19375 0.325
3 0.428125 0.19140625 0.11875 0.115625
3 0.11953125 0.1609375 0.109375 0.0921875
3 0.58828125 0.75625 0.1171875 0.1109375
10 0.66484375 0.65546875 0.196875 0.3484375
10 0.146875 0.45078125 0.19375 0.334375
6 0.12421875 0.20078125 0.078125 0.0671875
8 0.440625 0.4390625 0.2015625 0.2640625
6 0.4453125 0.2171875 0.0828125 0.0546875
7 0.63671875 0.3765625 0.1140625 0.0953125
6 0.63828125 0.425 0.0828125 0.053125
6 0.80234375 0.19296875 0.0921875 0.0625