3 0.8375 0.23671875 0.1671875 0.2015625
3 0.0609375 0.271875 0.09375 0.1515625
3 0.1546875 0.303125 0.1328125 0.134375
3 0.35 0.26328125 0.125 0.121875
3 0.55078125 0.328125 0.1078125 0.1
3 0.4953125 0.4015625 0.075 0.1
10 0.034375 0.69921875 0.06875 0.5046875
10 0.12578125 0.69140625 0.2296875 0.4734375
10 0.534375 0.63984375 0.1890625 0.375
10 0.81171875 0.67890625 0.3078125 0.6421875
6 0.05078125 0.328125 0.046875 0.0359375
6 0.1640625 0.36015625 0.0703125 0.0703125
6 0.36640625 0.29921875 0.0828125 0.0625
6 0.5625 0.38046875 0.0875 0.05625
8 0.34609375 0.59140625 0.2625 0.41875