3 0.7921875 0.32890625 0.0640625 0.065625
3 0.4296875 0.2734375 0.0734375 0.071875
3 0.315625 0.3078125 0.0640625 0.0625
10 0.590625 0.56171875 0.140625 0.296875
10 0.40078125 0.471875 0.1171875 0.2796875
10 0.29375 0.50703125 0.125 0.2609375
3 0.6015625 0.346875 0.075 0.090625
0 0.72578125 0.85859375 0.0671875 0.0328125
0 0.60859375 0.93828125 0.0390625 0.034375
0 0.54765625 0.93515625 0.0359375 0.034375
0 0.37109375 0.9140625 0.078125 0.0453125
0 0.28359375 0.89765625 0.075 0.0375
0 0.85078125 0.8390625 0.05625 0.090625