3 0.81953125 0.3875 0.0734375 0.075
3 0.47421875 0.2640625 0.084375 0.0828125
3 0.35546875 0.27578125 0.0734375 0.071875
10 0.57734375 0.578125 0.190625 0.3109375
10 0.4078125 0.45390625 0.165625 0.2890625
10 0.29609375 0.4671875 0.1703125 0.2734375
3 0.62890625 0.36875 0.0890625 0.1015625
0 0.653125 0.8953125 0.0703125 0.04375
0 0.5234375 0.95078125 0.04375 0.040625
0 0.4640625 0.9359375 0.0421875 0.040625
0 0.29453125 0.88125 0.0828125 0.059375
0 0.21171875 0.84921875 0.0796875 0.05
0 0.7796875 0.9 0.0703125 0.096875