3 0.24609375 0.27578125 0.065625 0.0671875
3 0.6125 0.29140625 0.0765625 0.075
3 0.71796875 0.346875 0.0671875 0.0640625
10 0.39921875 0.54375 0.1546875 0.3015625
10 0.60234375 0.49140625 0.13125 0.2828125
10 0.7015625 0.54609375 0.1375 0.265625
3 0.4296875 0.3296875 0.078125 0.09375
0 0.21015625 0.809375 0.06875 0.0359375
0 0.309375 0.909375 0.040625 0.0359375
0 0.3703125 0.91796875 0.0375 0.0375
0 0.54765625 0.93125 0.0796875 0.05
0 0.63671875 0.93125 0.0765625 0.0421875
0 0.09140625 0.76640625 0.0609375 0.0921875