3 0.7953125 0.33359375 0.0640625 0.065625
3 0.43359375 0.271875 0.075 0.0734375
3 0.31875 0.3046875 0.065625 0.0625
10 0.5890625 0.56328125 0.1453125 0.2984375
10 0.4015625 0.4703125 0.121875 0.28125
10 0.29375 0.503125 0.1296875 0.2625
3 0.60390625 0.3484375 0.0765625 0.0921875
0 0.71953125 0.8625 0.0671875 0.034375
0 0.60078125 0.93984375 0.040625 0.034375
0 0.540625 0.9359375 0.0375 0.0359375
0 0.36328125 0.91171875 0.078125 0.046875
0 0.2765625 0.89375 0.0765625 0.0390625
0 0.84453125 0.8453125 0.0578125 0.0921875