10 0.79296875 0.253125 0.065625 0.0484375
10 0.6859375 0.31953125 0.0671875 0.078125
10 0.49609375 0.3109375 0.059375 0.0515625
10 0.19453125 0.53203125 0.0640625 0.0859375
3 0.18515625 0.46484375 0.028125 0.028125
3 0.69375 0.259375 0.0359375 0.034375
0 0.23671875 0.696875 0.0328125 0.034375
0 0.6640625 0.428125 0.0234375 0.053125
0 0.7 0.4125 0.0328125 0.05
0 0.75546875 0.40234375 0.028125 0.0640625
0 0.79765625 0.35625 0.0265625 0.0515625
0 0.46328125 0.40546875 0.0234375 0.0375
0 0.48203125 0.4015625 0.0234375 0.034375