10 0.775 0.23359375 0.0671875 0.05
10 0.67265625 0.30703125 0.0703125 0.0796875
10 0.4828125 0.31171875 0.0609375 0.053125
10 0.19765625 0.553125 0.0671875 0.0875
3 0.18359375 0.48671875 0.0296875 0.0296875
3 0.6765625 0.246875 0.0375 0.0359375
0 0.25078125 0.71484375 0.034375 0.0359375
0 0.65859375 0.41640625 0.025 0.0546875
0 0.69375 0.39921875 0.034375 0.0515625
0 0.7484375 0.384375 0.0296875 0.065625
0 0.78671875 0.33515625 0.028125 0.053125
0 0.45703125 0.40859375 0.025 0.0390625
0 0.475 0.40234375 0.025 0.0359375