10 0.17578125 0.296875 0.0703125 0.05625
10 0.290625 0.346875 0.0765625 0.0859375
10 0.47734375 0.3125 0.065625 0.0578125
10 0.80703125 0.4890625 0.075 0.09375
3 0.80703125 0.42109375 0.0328125 0.0328125
3 0.27421875 0.2890625 0.040625 0.0390625
0 0.78828125 0.65859375 0.0375 0.0390625
0 0.328125 0.4515625 0.0296875 0.05625
0 0.28984375 0.44140625 0.0390625 0.0546875
0 0.23359375 0.43828125 0.0359375 0.0671875
0 0.18515625 0.3984375 0.0328125 0.0546875
0 0.5234375 0.4015625 0.0296875 0.040625
0 0.50390625 0.4 0.028125 0.0375