3 0.88359375 0.1515625 0.1109375 0.125
3 0.64140625 0.22734375 0.11875 0.1109375
3 0.43984375 0.284375 0.11875 0.1125
3 0.24375 0.30546875 0.121875 0.1234375
3 0.04765625 0.2421875 0.0953125 0.15
10 0.88984375 0.35859375 0.2203125 0.3515625
10 0.671875 0.41484375 0.234375 0.346875
10 0.47578125 0.46875 0.2375 0.315625
10 0.28671875 0.50390625 0.228125 0.33125
0 0.96171875 0.72734375 0.0765625 0.1296875
0 0.790625 0.7203125 0.1296875 0.1296875
0 0.740625 0.7609375 0.128125 0.1359375
0 0.5640625 0.75703125 0.1203125 0.1171875
0 0.53046875 0.81015625 0.1140625 0.115625
0 0.41015625 0.83203125 0.10625 0.09375
0 0.37734375 0.87890625 0.11875 0.1109375
0 0.21953125 0.915625 0.140625 0.128125
0 0.1796875 0.94453125 0.171875 0.1109375