3 0.71484375 0.55078125 0.040625 0.0484375
3 0.575 0.55078125 0.0375 0.0484375
3 0.36484375 0.55 0.040625 0.0484375
3 0.2953125 0.553125 0.0484375 0.0515625
3 0.6484375 0.5609375 0.04375 0.0484375
7 0.503125 0.56875 0.04375 0.0453125
3 0.428125 0.59453125 0.0453125 0.0578125
8 0.7125 0.6703125 0.0625 0.1640625
8 0.50078125 0.67265625 0.0703125 0.121875
8 0.57109375 0.67734375 0.0703125 0.1453125
8 0.64296875 0.6796875 0.0734375 0.1296875
8 0.36015625 0.675 0.0640625 0.1546875
8 0.29453125 0.675 0.0703125 0.1578125
8 0.4234375 0.70859375 0.0734375 0.1421875