3 0.76328125 0.05546875 0.0953125 0.09375
3 0.6671875 0.1453125 0.05625 0.059375
3 0.52890625 0.1515625 0.0578125 0.0578125
3 0.4671875 0.178125 0.065625 0.08125
3 0.06953125 0.278125 0.0515625 0.0515625
3 0.0203125 0.18203125 0.040625 0.0921875
10 0.77734375 0.26328125 0.3109375 0.346875
10 0.70234375 0.3234375 0.084375 0.125
10 0.565625 0.2859375 0.1078125 0.1671875
10 0.48671875 0.3078125 0.128125 0.2046875
10 0.2890625 0.33046875 0.1390625 0.2078125
10 0.08125 0.42421875 0.1625 0.3421875
0 0.17734375 0.83984375 0.0859375 0.0625
0 0.41171875 0.66796875 0.059375 0.0375
0 0.34453125 0.68125 0.0375 0.03125
0 0.56484375 0.6328125 0.053125 0.04375
3 0.25625 0.175 0.0921875 0.06875
5 0.88984375 0.41328125 0.0765625 0.0921875
1 0.45546875 0.41953125 0.05 0.0703125
1 0.63203125 0.4 0.04375 0.0703125
1 0.5625 0.38515625 0.040625 0.0765625
1 0.103125 0.51953125 0.0484375 0.0578125
1 0.36953125 0.4328125 0.05625 0.0796875
1 0.2828125 0.471875 0.053125 0.0703125
5 0.6296875 0.27890625 0.0734375 0.1
1 0.7578125 0.40390625 0.075 0.10625
1 0.68671875 0.4046875 0.05 0.0796875