3 0.928125 0.2671875 0.0859375 0.1171875
3 0.83125 0.28515625 0.090625 0.096875
3 0.78125 0.3734375 0.0734375 0.0859375
3 0.65390625 0.34453125 0.0578125 0.0640625
3 0.5078125 0.39296875 0.0515625 0.0609375
3 0.45859375 0.4203125 0.0453125 0.0515625
3 0.40078125 0.453125 0.0484375 0.05
3 0.31171875 0.43359375 0.0484375 0.05
3 0.2796875 0.47890625 0.0609375 0.078125
3 0.15390625 0.54140625 0.0828125 0.0875
0 0.88046875 0.90625 0.0640625 0.040625
0 0.7859375 0.88828125 0.0375 0.0453125
0 0.75 0.8890625 0.05 0.0484375
0 0.6484375 0.85234375 0.028125 0.0390625
0 0.5921875 0.8625 0.0421875 0.040625
0 0.53125 0.84453125 0.0328125 0.0359375
0 0.57265625 0.8296875 0.03125 0.0296875
0 0.5109375 0.871875 0.0484375 0.04375
0 0.4765625 0.9 0.040625 0.053125
0 0.4390625 0.88125 0.046875 0.040625
0 0.41796875 0.9484375 0.0484375 0.0328125
0 0.3953125 0.9765625 0.053125 0.0421875