3 0.97109375 0.478125 0.0578125 0.11875
3 0.8921875 0.45234375 0.0921875 0.0984375
3 0.80859375 0.509375 0.075 0.0875
3 0.70625 0.42734375 0.059375 0.065625
3 0.55390625 0.40703125 0.0515625 0.0609375
3 0.49765625 0.41015625 0.0453125 0.053125
3 0.43125 0.4140625 0.05 0.05
3 0.36015625 0.3578125 0.05 0.05
3 0.31171875 0.384375 0.0625 0.0796875
3 0.17109375 0.3859375 0.084375 0.0890625
0 0.58671875 0.97421875 0.0390625 0.046875
0 0.55390625 0.959375 0.05 0.05
0 0.47890625 0.88203125 0.0296875 0.040625
0 0.42421875 0.865625 0.04375 0.0421875
0 0.3765625 0.8234375 0.0328125 0.0375
0 0.4203125 0.828125 0.03125 0.03125
0 0.346875 0.83984375 0.05 0.0453125
0 0.303125 0.84921875 0.0421875 0.0546875
0 0.278125 0.815625 0.046875 0.0421875
0 0.2296875 0.8671875 0.0484375 0.034375
0 0.196875 0.8828125 0.053125 0.04375