3 0.284375 0.21953125 0.0859375 0.08125
3 0.62734375 0.296875 0.0765625 0.0671875
3 0.8421875 0.36484375 0.084375 0.0734375
3 0.49921875 0.29375 0.0828125 0.065625
3 0.42265625 0.284375 0.071875 0.065625
10 0.59921875 0.49765625 0.165625 0.246875
10 0.46953125 0.4828125 0.1625 0.225
10 0.3515625 0.4578125 0.14375 0.24375
10 0.79375 0.58203125 0.1640625 0.25625
10 0.20390625 0.4484375 0.2015625 0.315625
6 0.62265625 0.33671875 0.0421875 0.0359375
6 0.2765625 0.253125 0.071875 0.05
6 0.40703125 0.31328125 0.059375 0.0546875
6 0.49375 0.3296875 0.0390625 0.028125
6 0.6234375 0.33671875 0.05625 0.0390625
6 0.825 0.40546875 0.0578125 0.0421875