3 0.615625 0.28984375 0.0734375 0.1078125
3 0.5625 0.30546875 0.084375 0.1203125
3 0.93671875 0.2796875 0.1 0.1875
3 0.41796875 0.325 0.0828125 0.103125
3 0.80546875 0.30234375 0.08125 0.1265625
3 0.21796875 0.35546875 0.0796875 0.096875
3 0.75234375 0.36015625 0.1 0.13125
8 0.43203125 0.521875 0.1265625 0.2234375
8 0.596875 0.53203125 0.1453125 0.2828125
8 0.24453125 0.6015625 0.15625 0.328125
8 0.78515625 0.60625 0.1546875 0.3515625
8 0.946875 0.628125 0.10625 0.446875
6 0.225 0.4046875 0.0671875 0.046875
6 0.42734375 0.37421875 0.071875 0.0546875
8 0.83828125 0.44921875 0.071875 0.1296875