8 0.4 0.47265625 0.0796875 0.1265625
8 0.48515625 0.4921875 0.109375 0.1921875
8 0.603125 0.5234375 0.10625 0.165625
8 0.16875 0.4796875 0.115625 0.190625
8 0.31328125 0.51796875 0.1125 0.178125
8 0.71484375 0.5765625 0.078125 0.1828125
8 0.778125 0.603125 0.1390625 0.3046875
8 0.06328125 0.5625 0.1265625 0.4125
3 0.51328125 0.33046875 0.065625 0.0515625
7 0.20234375 0.309375 0.0640625 0.071875
3 0.79921875 0.38671875 0.0640625 0.065625
3 0.4265625 0.35625 0.0421875 0.0453125
7 0.628125 0.39296875 0.0484375 0.0546875
3 0.74375 0.40703125 0.0515625 0.0640625
3 0.34375 0.36328125 0.065625 0.0546875
3 0.046875 0.2625 0.053125 0.1015625