3 0.75703125 0.29453125 0.0984375 0.1125
3 0.16953125 0.39296875 0.128125 0.1515625
3 0.34921875 0.37109375 0.1046875 0.0953125
3 0.45234375 0.375 0.1 0.125
3 0.8640625 0.3171875 0.11875 0.103125
3 0.615625 0.35625 0.1015625 0.1234375
3 0.2578125 0.46484375 0.1140625 0.1140625
8 0.78984375 0.57109375 0.171875 0.365625
10 0.48984375 0.61953125 0.1703125 0.3375
10 0.3890625 0.64375 0.1609375 0.3234375
10 0.66875 0.6078125 0.1921875 0.3515625
8 0.8984375 0.6 0.15625 0.3578125
10 0.20078125 0.73125 0.1921875 0.4359375
6 0.628125 0.38984375 0.075 0.05625
6 0.75703125 0.34296875 0.0640625 0.034375
6 0.36953125 0.4234375 0.0515625 0.0421875
6 0.2859375 0.4984375 0.05 0.046875
2 0.46875 0.4078125 0.0796875 0.0546875