3 0.18828125 0.7453125 0.0375 0.0421875
3 0.62265625 0.66953125 0.065625 0.0625
3 0.109375 0.76796875 0.0390625 0.0421875
3 0.4421875 0.71171875 0.0546875 0.0546875
3 0.26328125 0.75625 0.0375 0.0375
10 0.46015625 0.78828125 0.1109375 0.13125
10 0.28671875 0.8296875 0.075 0.1203125
10 0.03359375 0.4890625 0.0671875 0.15
10 0.63671875 0.753125 0.0890625 0.1140625
10 0.33515625 0.6421875 0.0453125 0.071875
3 0.321875 0.58515625 0.0328125 0.034375
3 0.165625 0.78359375 0.0234375 0.03125
10 0.1703125 0.828125 0.0328125 0.05625
10 0.2171875 0.8171875 0.0484375 0.08125