3 0.3484375 0.42265625 0.0453125 0.0515625
3 0.4671875 0.41328125 0.0375 0.040625
3 0.5640625 0.43984375 0.0390625 0.04375
3 0.6484375 0.44921875 0.0421875 0.0515625
3 0.70703125 0.45234375 0.0609375 0.0609375
0 0.284375 0.7765625 0.025 0.0390625
0 0.3171875 0.76171875 0.0421875 0.028125
0 0.43828125 0.7484375 0.025 0.025
0 0.47890625 0.75859375 0.03125 0.0328125
0 0.51796875 0.80078125 0.0359375 0.028125
0 0.54765625 0.8234375 0.025 0.0328125
0 0.59609375 0.83515625 0.0453125 0.025
0 0.6234375 0.86171875 0.0265625 0.0296875
0 0.64140625 0.96328125 0.0625 0.046875