3 0.9109375 0.18671875 0.09375 0.090625
3 0.78828125 0.23359375 0.0546875 0.0578125
3 0.6578125 0.1875 0.05625 0.05625
3 0.590625 0.1890625 0.0625 0.0796875
3 0.18359375 0.13359375 0.05 0.05
3 0.1484375 0.0296875 0.09375 0.059375
10 0.8453125 0.384375 0.3015625 0.340625
10 0.753125 0.4125 0.08125 0.1234375
10 0.640625 0.32578125 0.1015625 0.165625
10 0.559375 0.3171875 0.121875 0.203125
10 0.36796875 0.2640625 0.1328125 0.2046875
10 0.1296875 0.26953125 0.1734375 0.340625
0 0.0734375 0.69453125 0.084375 0.059375
0 0.35546875 0.62265625 0.0578125 0.0359375
0 0.2875 0.61015625 0.0359375 0.0296875
0 0.51015625 0.64765625 0.0515625 0.0421875
3 0.3953125 0.10703125 0.090625 0.0671875