3 0.0734375 0.20859375 0.096875 0.09375
3 0.1984375 0.24921875 0.05625 0.059375
3 0.3265625 0.19609375 0.0578125 0.0578125
3 0.39296875 0.19453125 0.0671875 0.08125
3 0.796875 0.1171875 0.053125 0.053125
3 0.825 0.021875 0.096875 0.04375
10 0.15234375 0.4015625 0.3046875 0.35
10 0.2421875 0.42578125 0.0859375 0.125
10 0.35 0.33359375 0.109375 0.1671875
10 0.43125 0.3203125 0.13125 0.20625
10 0.61953125 0.2578125 0.1421875 0.2078125
10 0.8578125 0.25078125 0.1890625 0.34375
0 0.9359375 0.671875 0.0859375 0.0625
0 0.65078125 0.61484375 0.059375 0.0375
0 0.71796875 0.59921875 0.0375 0.03125
0 0.49765625 0.6484375 0.053125 0.04375
3 0.58359375 0.10234375 0.0921875 0.0703125
5 0.1078125 0.57890625 0.1125 0.1265625
5 0.240625 0.53203125 0.0546875 0.0796875
5 0.2953125 0.50078125 0.065625 0.08125
5 0.409375 0.425 0.0625 0.090625
5 0.33984375 0.45 0.090625 0.0921875
5 0.51953125 0.4015625 0.0796875 0.09375
5 0.59296875 0.3703125 0.075 0.0984375
5 0.6921875 0.375 0.090625 0.1109375