3 0.13046875 0.15078125 0.1921875 0.1765625
3 0.50234375 0.14921875 0.1109375 0.11875
3 0.8453125 0.18125 0.2015625 0.1671875
3 0.271875 0.275 0.090625 0.096875
3 0.74765625 0.2515625 0.078125 0.1171875
8 0.5296875 0.5125 0.228125 0.4234375
8 0.759375 0.54296875 0.14375 0.3203125
8 0.1578125 0.5828125 0.2765625 0.428125
8 0.90234375 0.634375 0.1953125 0.475
6 0.83125 0.26015625 0.1546875 0.09375
6 0.51015625 0.21953125 0.109375 0.059375
6 0.28203125 0.334375 0.0859375 0.05
6 0.1484375 0.24609375 0.146875 0.0765625
8 0.3390625 0.55625 0.115625 0.3203125