3 0.840625 0.34296875 0.0625 0.065625
3 0.1515625 0.365625 0.0640625 0.059375
3 0.24296875 0.37578125 0.0625 0.0765625
3 0.75546875 0.403125 0.05 0.059375
3 0.41484375 0.396875 0.0515625 0.053125
3 0.5671875 0.409375 0.0484375 0.0625
3 0.32578125 0.40859375 0.0578125 0.0515625
3 0.6609375 0.4203125 0.04375 0.05625
3 0.48125 0.4359375 0.046875 0.0484375
10 0.84765625 0.5171875 0.1 0.2390625
10 0.1328125 0.51171875 0.1109375 0.225
10 0.23359375 0.53984375 0.0984375 0.21875
10 0.75390625 0.55390625 0.09375 0.24375
10 0.31484375 0.56328125 0.090625 0.2390625
10 0.4015625 0.57109375 0.1015625 0.2625
10 0.6609375 0.57734375 0.0921875 0.2234375
10 0.5625 0.596875 0.096875 0.2796875
10 0.475 0.5953125 0.0796875 0.2203125
6 0.8421875 0.36953125 0.0484375 0.0234375
6 0.75234375 0.428125 0.0296875 0.0234375
6 0.65234375 0.434375 0.0359375 0.0234375
6 0.559375 0.4359375 0.0375 0.034375
6 0.48125 0.4578125 0.0328125 0.025
6 0.41328125 0.41875 0.0328125 0.025
6 0.321875 0.43203125 0.0375 0.0296875
6 0.24609375 0.40625 0.0359375 0.0234375
6 0.14921875 0.3828125 0.0359375 0.025