3 0.04375 0.32890625 0.0734375 0.1109375
3 0.1421875 0.33359375 0.08125 0.0875
3 0.20390625 0.41328125 0.0640625 0.0796875
3 0.32578125 0.3671875 0.05 0.059375
3 0.47734375 0.3953125 0.04375 0.05625
3 0.53046875 0.41484375 0.0390625 0.0484375
3 0.5921875 0.43984375 0.04375 0.0453125
3 0.67734375 0.40859375 0.04375 0.0453125
3 0.71484375 0.4484375 0.0515625 0.0734375
3 0.8484375 0.49296875 0.0734375 0.0796875
0 0.1796875 0.95546875 0.0609375 0.0328125
0 0.2703125 0.92421875 0.0328125 0.0421875
0 0.30703125 0.9203125 0.0453125 0.04375
0 0.40234375 0.86953125 0.025 0.0375
0 0.459375 0.871875 0.0375 0.0375
0 0.5171875 0.84609375 0.028125 0.0328125
0 0.47421875 0.83671875 0.028125 0.0265625
0 0.540625 0.8703125 0.0453125 0.0390625
0 0.57890625 0.89296875 0.034375 0.05
0 0.61328125 0.86875 0.0421875 0.0359375
0 0.64375 0.9328125 0.0453125 0.028125
0 0.6703125 0.9578125 0.0484375 0.0359375