8 0.59609375 0.4609375 0.09375 0.13125
8 0.51328125 0.48984375 0.1296875 0.1984375
8 0.4 0.5359375 0.121875 0.171875
8 0.8265625 0.43984375 0.1359375 0.196875
8 0.6875 0.4953125 0.1296875 0.1859375
8 0.29609375 0.60234375 0.096875 0.1859375
8 0.23671875 0.63671875 0.171875 0.3109375
8 0.9265625 0.50546875 0.146875 0.4171875
3 0.46640625 0.33359375 0.06875 0.0578125
7 0.771875 0.27421875 0.0703125 0.0765625
3 0.18984375 0.4234375 0.0703125 0.071875
3 0.55546875 0.3484375 0.0453125 0.0484375
7 0.36015625 0.409375 0.053125 0.059375
3 0.246875 0.4375 0.0578125 0.06875
3 0.63828125 0.3453125 0.0703125 0.0609375
3 0.92109375 0.209375 0.0640625 0.1046875