3 0.41640625 0.203125 0.0640625 0.084375
3 0.56484375 0.1796875 0.065625 0.0921875
3 0.61640625 0.18359375 0.0671875 0.090625
10 0.54296875 0.38125 0.1265625 0.284375
10 0.31640625 0.42734375 0.1453125 0.340625
10 0.2046875 0.46171875 0.1578125 0.3375
10 0.1140625 0.49921875 0.1859375 0.3375
10 0.6671875 0.4125 0.1359375 0.29375
10 0.4640625 0.45 0.1609375 0.3390625
3 0.36484375 0.13671875 0.059375 0.084375
3 0.146875 0.2140625 0.071875 0.1078125
3 0.20078125 0.20859375 0.053125 0.071875
3 0.45546875 0.16328125 0.05625 0.090625
3 0.32578125 0.1875 0.0625 0.078125
3 0.2703125 0.19765625 0.0671875 0.08125
3 0.4984375 0.171875 0.065625 0.096875
3 0.07265625 0.2546875 0.0765625 0.096875
6 0.08046875 0.29375 0.053125 0.0390625
6 0.15546875 0.25390625 0.05625 0.04375
6 0.209375 0.24453125 0.0421875 0.0328125
6 0.28046875 0.2453125 0.0453125 0.040625
6 0.3390625 0.21484375 0.0375 0.025
6 0.3734375 0.1703125 0.04375 0.034375
6 0.42421875 0.2390625 0.04375 0.0359375
6 0.465625 0.2 0.0359375 0.034375
6 0.503125 0.20859375 0.0421875 0.034375
6 0.5734375 0.21015625 0.034375 0.0265625
6 0.6296875 0.22734375 0.0484375 0.05