3 0.06171875 0.33125 0.078125 0.0609375
3 0.84609375 0.2921875 0.0828125 0.0859375
3 0.6203125 0.32421875 0.05625 0.0484375
3 0.54296875 0.34453125 0.0546875 0.034375
3 0.259375 0.38046875 0.0578125 0.0484375
3 0.7375 0.3359375 0.0625 0.05625
3 0.390625 0.37109375 0.0484375 0.05
8 0.075 0.484375 0.115625 0.1890625
8 0.553125 0.45390625 0.09375 0.1296875
8 0.65390625 0.44453125 0.090625 0.1640625
8 0.2640625 0.48828125 0.109375 0.1203125
8 0.39609375 0.475 0.090625 0.125
8 0.865625 0.4609375 0.121875 0.20625
8 0.75078125 0.47578125 0.1171875 0.1796875