7 0.56640625 0.2296875 0.1015625 0.1
8 0.43359375 0.43125 0.246875 0.434375
10 0.2765625 0.53359375 0.2015625 0.396875
10 0.80859375 0.41796875 0.253125 0.421875
8 0.6265625 0.4640625 0.19375 0.3046875
7 0.36640625 0.0875 0.1046875 0.0890625
7 0.0484375 0.20703125 0.0921875 0.090625
3 0.203125 0.2015625 0.11875 0.1375
7 0.70390625 0.0890625 0.0890625 0.08125
6 0.57265625 0.26171875 0.0875 0.065625
6 0.7171875 0.14765625 0.09375 0.075
6 0.3796875 0.14609375 0.096875 0.071875
6 0.07109375 0.27109375 0.0875 0.071875
2 0.215625 0.26015625 0.1078125 0.0875
10 0.109375 0.525 0.21875 0.3875