3 0.1546875 0.1765625 0.05625 0.06875
3 0.67421875 0.22734375 0.0515625 0.065625
3 0.32265625 0.2125 0.0609375 0.0609375
3 0.57890625 0.24296875 0.0609375 0.0609375
3 0.81484375 0.26484375 0.053125 0.0734375
3 0.50703125 0.2453125 0.053125 0.0765625
3 0.978125 0.3078125 0.04375 0.075
3 0.4203125 0.265625 0.0546875 0.075
3 0.73671875 0.3125 0.0578125 0.075
3 0.89765625 0.35625 0.053125 0.0765625
10 0.22109375 0.4046875 0.109375 0.3265625
10 0.6453125 0.46875 0.1109375 0.278125
10 0.4828125 0.46015625 0.1015625 0.2796875
10 0.78984375 0.49609375 0.1140625 0.29375
10 0.30078125 0.46015625 0.103125 0.28125
10 0.55546875 0.48515625 0.1109375 0.353125
10 0.39296875 0.47734375 0.109375 0.259375
10 0.1359375 0.4609375 0.075 0.321875
10 0.05703125 0.45625 0.1140625 0.378125
10 0.71796875 0.51796875 0.0859375 0.253125
10 0.95625 0.55 0.0875 0.315625
10 0.86875 0.56640625 0.1078125 0.271875
3 0.25703125 0.1203125 0.0671875 0.084375
3 0.196875 0.16484375 0.05625 0.0703125
3 0.08671875 0.15625 0.0921875 0.1046875