10 0.81328125 0.2796875 0.06875 0.053125
10 0.70078125 0.33671875 0.0734375 0.0828125
10 0.5125 0.3109375 0.0625 0.05625
10 0.19296875 0.50546875 0.0703125 0.090625
3 0.1890625 0.4375 0.03125 0.03125
3 0.7140625 0.27734375 0.0390625 0.0375
0 0.2203125 0.6734375 0.0359375 0.0375
0 0.66953125 0.4421875 0.0265625 0.0546875
0 0.70703125 0.43046875 0.0359375 0.053125
0 0.76328125 0.425 0.0328125 0.0671875
0 0.809375 0.3828125 0.0296875 0.053125
0 0.471875 0.403125 0.0265625 0.0390625
0 0.490625 0.4 0.0265625 0.0359375