3 0.2890625 0.4078125 0.134375 0.1546875
3 0.87265625 0.45703125 0.071875 0.0875
7 0.1640625 0.48828125 0.0703125 0.10625
3 0.52734375 0.484375 0.065625 0.084375
7 0.92890625 0.48515625 0.0875 0.103125
8 0.52734375 0.65703125 0.125 0.2359375
8 0.6953125 0.68515625 0.128125 0.221875
8 0.91328125 0.6890625 0.1421875 0.2875
8 0.29453125 0.77109375 0.196875 0.4421875
8 0.78671875 0.54609375 0.05 0.0578125
3 0.78203125 0.48046875 0.0515625 0.05625
8 0.14375 0.62109375 0.0625 0.1265625
3 0.0421875 0.50234375 0.0546875 0.0734375
8 0.04921875 0.62890625 0.0625 0.1484375