7 0.3921875 0.3 0.11875 0.1
7 0.61484375 0.246875 0.0765625 0.0578125
7 0.11640625 0.3859375 0.103125 0.090625
7 0.515625 0.31796875 0.071875 0.065625
7 0.25234375 0.4 0.1015625 0.103125
10 0.85546875 0.3546875 0.2890625 0.421875
10 0.70078125 0.55390625 0.2703125 0.421875
10 0.1890625 0.7046875 0.31875 0.50625
10 0.45546875 0.61796875 0.253125 0.3921875
7 0.77265625 0.05859375 0.0921875 0.0828125
6 0.40546875 0.36796875 0.0984375 0.06875
6 0.265625 0.44609375 0.08125 0.0671875
6 0.1296875 0.42890625 0.0921875 0.0796875
2 0.7734375 0.1171875 0.09375 0.0640625
6 0.63046875 0.2921875 0.0796875 0.0578125