3 0.29921875 0.2671875 0.11875 0.1140625
10 0.4546875 0.4765625 0.1953125 0.3890625
10 0.653125 0.50390625 0.1734375 0.471875
10 0.2703125 0.55 0.171875 0.378125
3 0.609375 0.17421875 0.121875 0.1078125
3 0.4546875 0.1953125 0.0875 0.109375
6 0.31484375 0.29140625 0.0546875 0.0421875
6 0.5953125 0.2265625 0.071875 0.0703125
6 0.45 0.24609375 0.0578125 0.046875
3 0.0859375 0.33828125 0.05 0.053125
3 0.1453125 0.3453125 0.0421875 0.0453125
10 0.14140625 0.45078125 0.071875 0.128125
10 0.0828125 0.45625 0.053125 0.153125