3 0.96640625 0.3125 0.0671875 0.115625
3 0.7296875 0.29609375 0.109375 0.1
3 0.52109375 0.27734375 0.1109375 0.1015625
3 0.33046875 0.2265625 0.1109375 0.1125
3 0.146875 0.08828125 0.134375 0.1390625
10 0.9109375 0.51015625 0.178125 0.3390625
10 0.69140625 0.48203125 0.2 0.334375
10 0.4890625 0.4625 0.2078125 0.3
10 0.29921875 0.42734375 0.1953125 0.31875
0 0.93515625 0.88515625 0.05625 0.121875
0 0.86328125 0.88359375 0.09375 0.1234375
0 0.6921875 0.81015625 0.1203125 0.11875
0 0.63125 0.83046875 0.115625 0.125
0 0.46796875 0.7625 0.1109375 0.10625
0 0.4171875 0.80078125 0.1046875 0.10625
0 0.29765625 0.778125 0.0984375 0.084375
0 0.24921875 0.81015625 0.109375 0.1
0 0.0890625 0.7875 0.13125 0.115625
0 0.0578125 0.81640625 0.115625 0.1296875