3 0.32578125 0.50078125 0.040625 0.0421875
3 0.26796875 0.490625 0.040625 0.040625
3 0.5578125 0.55859375 0.04375 0.0421875
3 0.63828125 0.57734375 0.0453125 0.040625
3 0.3984375 0.53203125 0.0390625 0.04375
3 0.4390625 0.55703125 0.03125 0.0328125
3 0.47109375 0.565625 0.059375 0.0453125
10 0.24296875 0.56875 0.0703125 0.1203125
10 0.5359375 0.6390625 0.084375 0.1265625
10 0.2953125 0.58515625 0.078125 0.1296875
10 0.63671875 0.66796875 0.0984375 0.1203125
10 0.371875 0.6171875 0.08125 0.1390625
10 0.409375 0.6328125 0.05 0.1125
10 0.44453125 0.66328125 0.0875 0.140625