3 0.0359375 0.29453125 0.071875 0.1140625
3 0.27734375 0.28828125 0.1078125 0.096875
3 0.48671875 0.2765625 0.1078125 0.0984375
3 0.67890625 0.2328125 0.1078125 0.109375
3 0.8671875 0.10078125 0.13125 0.134375
10 0.08671875 0.4953125 0.1734375 0.334375
10 0.309375 0.475 0.1890625 0.3296875
10 0.5125 0.4625 0.1984375 0.2953125
10 0.703125 0.434375 0.184375 0.3140625
0 0.0515625 0.86953125 0.0515625 0.1203125
0 0.12421875 0.87109375 0.0890625 0.1203125
0 0.296875 0.803125 0.1171875 0.115625
0 0.3578125 0.825 0.1125 0.121875
0 0.5234375 0.7640625 0.1078125 0.103125
0 0.571875 0.803125 0.1015625 0.103125
0 0.69296875 0.78515625 0.096875 0.08125
0 0.73984375 0.81875 0.1078125 0.096875
0 0.90078125 0.8015625 0.128125 0.1109375
0 0.93671875 0.83125 0.1265625 0.125