3 0.09296875 0.25546875 0.071875 0.0828125
3 0.2671875 0.25625 0.078125 0.0890625
3 0.34453125 0.2703125 0.075 0.090625
3 0.68828125 0.2234375 0.0828125 0.084375
3 0.45390625 0.26328125 0.0765625 0.0953125
3 0.78125 0.221875 0.0984375 0.0984375
3 0.17890625 0.309375 0.0859375 0.0984375
3 0.571875 0.30390625 0.0765625 0.08125
10 0.1125 0.4515625 0.1234375 0.221875
10 0.703125 0.39609375 0.1234375 0.196875
10 0.48671875 0.43828125 0.1140625 0.20625
10 0.3671875 0.4625 0.1125 0.2109375
10 0.821875 0.421875 0.153125 0.2140625
10 0.22265625 0.5078125 0.121875 0.2359375
10 0.6078125 0.49140625 0.1125 0.215625
6 0.10234375 0.2953125 0.053125 0.0484375
6 0.18984375 0.33359375 0.0546875 0.0359375
6 0.2734375 0.284375 0.046875 0.03125
10 0.28359375 0.434375 0.103125 0.2078125
6 0.3484375 0.3015625 0.0421875 0.0265625
6 0.4578125 0.2890625 0.0484375 0.0328125
6 0.5765625 0.334375 0.046875 0.05
2 0.69296875 0.240625 0.065625 0.0453125
6 0.7890625 0.24921875 0.0578125 0.040625