3 0.59765625 0.42890625 0.0671875 0.065625
3 0.7453125 0.42421875 0.0828125 0.1015625
3 0.66484375 0.44140625 0.04375 0.0484375
3 0.5484375 0.45234375 0.028125 0.0515625
3 0.3359375 0.46796875 0.0359375 0.0484375
3 0.4375 0.47265625 0.0484375 0.0578125
3 0.28515625 0.4890625 0.0578125 0.0640625
10 0.33828125 0.521875 0.0375 0.1046875
10 0.6671875 0.53984375 0.065625 0.134375
10 0.4375 0.58671875 0.0828125 0.1640625
10 0.2953125 0.603125 0.0796875 0.18125
10 0.59609375 0.6140625 0.1328125 0.265625
10 0.765625 0.61640625 0.1328125 0.271875