3 0.609375 0.44921875 0.071875 0.0703125
3 0.75546875 0.47265625 0.090625 0.10625
3 0.6734375 0.47421875 0.046875 0.0515625
3 0.55625 0.4625 0.03125 0.053125
3 0.34453125 0.4375 0.0390625 0.0515625
3 0.44375 0.46171875 0.053125 0.0609375
3 0.29140625 0.4484375 0.0625 0.06875
10 0.3375 0.490625 0.046875 0.10625
10 0.65625 0.57109375 0.0765625 0.1375
10 0.421875 0.5734375 0.0953125 0.1703125
10 0.27890625 0.56171875 0.09375 0.1859375
10 0.57265625 0.63046875 0.153125 0.2734375
10 0.7390625 0.665625 0.1546875 0.2796875