10 0.10390625 0.40390625 0.18125 0.3375
10 0.6375 0.37734375 0.1375 0.26875
10 0.77421875 0.371875 0.1390625 0.2625
10 0.840625 0.6640625 0.1421875 0.2359375
0 0.16015625 0.95 0.0828125 0.05
0 0.725 0.8390625 0.0640625 0.046875
0 0.76015625 0.890625 0.071875 0.0546875
0 0.84765625 0.88515625 0.040625 0.071875
0 0.62890625 0.82109375 0.0890625 0.08125
0 0.0453125 0.93515625 0.0625 0.0578125
1 0.77734375 0.7171875 0.046875 0.0578125
1 0.7734375 0.78984375 0.05625 0.05625
1 0.2359375 0.3828125 0.04375 0.0671875
1 0.0296875 0.59921875 0.0484375 0.05625