10 0.78125 0.446875 0.1921875 0.3765625
10 0.17890625 0.56484375 0.1921875 0.4109375
10 0.678125 0.5328125 0.2140625 0.3890625
8 0.50546875 0.56875 0.1859375 0.3609375
8 0.3453125 0.60078125 0.1671875 0.3703125
3 0.38125 0.1484375 0.096875 0.0953125
3 0.1296875 0.19296875 0.1078125 0.0796875
3 0.72421875 0.11171875 0.0921875 0.078125
3 0.59453125 0.19375 0.09375 0.0828125
3 0.29296875 0.2625 0.0921875 0.075
3 0.4578125 0.24921875 0.090625 0.0765625
6 0.14375 0.2546875 0.0890625 0.059375
6 0.3015625 0.32265625 0.0890625 0.059375
6 0.38984375 0.20390625 0.0875 0.05625
6 0.4671875 0.31015625 0.0890625 0.0609375
6 0.603125 0.25234375 0.0921875 0.0625
6 0.73046875 0.1734375 0.0828125 0.0640625
8 0.38515625 0.35234375 0.090625 0.1453125