3 0.32578125 0.11875 0.1515625 0.171875
3 0.66484375 0.1640625 0.1625 0.1734375
3 0.05234375 0.27890625 0.1046875 0.1703125
3 0.4953125 0.2734375 0.165625 0.225
10 0.83515625 0.478125 0.3296875 0.659375
10 0.3265625 0.675 0.35 0.65
7 0.78203125 0.053125 0.1390625 0.10625
10 0.58515625 0.73515625 0.2765625 0.5296875
3 0.90390625 0.80390625 0.1921875 0.2828125
3 0.02265625 0.28828125 0.0453125 0.1671875
2 0.028125 0.41484375 0.05625 0.0828125
10 0.08671875 0.75859375 0.1734375 0.4828125
2 0.33046875 0.24296875 0.159375 0.1171875
2 0.51328125 0.39609375 0.13125 0.1046875
2 0.66328125 0.2609375 0.1328125 0.1046875
6 0.78984375 0.0984375 0.1328125 0.10625