3 0.29765625 0.5875 0.0484375 0.0546875
3 0.43515625 0.5625 0.04375 0.0546875
3 0.6421875 0.52578125 0.0484375 0.0546875
3 0.7109375 0.5171875 0.05625 0.059375
3 0.36484375 0.5859375 0.05 0.05625
7 0.50859375 0.56875 0.05 0.053125
3 0.5875 0.58125 0.053125 0.0640625
8 0.3203125 0.7046875 0.090625 0.1703125
8 0.52890625 0.6703125 0.0890625 0.13125
8 0.4609375 0.68671875 0.09375 0.1546875
8 0.390625 0.70234375 0.0953125 0.140625
8 0.66796875 0.64765625 0.0890625 0.1625
8 0.7328125 0.63671875 0.096875 0.165625
8 0.61171875 0.6921875 0.0953125 0.1515625