3 0.03046875 0.39296875 0.0609375 0.1109375
3 0.12265625 0.384375 0.08125 0.0875
3 0.19453125 0.45546875 0.0640625 0.0796875
3 0.309375 0.39296875 0.05 0.059375
3 0.46328125 0.39921875 0.04375 0.05625
3 0.51796875 0.41171875 0.0390625 0.0484375
3 0.5828125 0.42734375 0.04375 0.0453125
3 0.6625 0.384375 0.04375 0.0453125
3 0.70546875 0.41875 0.0515625 0.0734375
3 0.84375 0.44453125 0.0734375 0.0796875
0 0.24609375 0.9890625 0.0609375 0.021875
0 0.33203125 0.9515625 0.0328125 0.0421875
0 0.3671875 0.94296875 0.0453125 0.04375
0 0.4546875 0.8796875 0.025 0.0375
0 0.5109375 0.8734375 0.0375 0.0375
0 0.565625 0.83984375 0.028125 0.0328125
0 0.52109375 0.83671875 0.028125 0.0265625
0 0.5921875 0.8609375 0.0453125 0.0390625
0 0.6328125 0.878125 0.034375 0.05
0 0.6640625 0.84921875 0.0421875 0.0359375
0 0.70234375 0.90859375 0.0453125 0.028125
0 0.73203125 0.9296875 0.0484375 0.0359375