3 0.64765625 0.41484375 0.046875 0.053125
3 0.528125 0.41171875 0.0390625 0.0421875
3 0.4328125 0.44296875 0.040625 0.0453125
3 0.34921875 0.45703125 0.0453125 0.053125
3 0.290625 0.46328125 0.0625 0.0625
0 0.7296875 0.76484375 0.0265625 0.0390625
0 0.696875 0.75234375 0.0421875 0.0296875
0 0.57421875 0.74453125 0.0265625 0.0265625
0 0.534375 0.75703125 0.0328125 0.034375
0 0.49765625 0.8015625 0.0375 0.0296875
0 0.46953125 0.825 0.0265625 0.0328125
0 0.42109375 0.8390625 0.0453125 0.0265625
0 0.3953125 0.86796875 0.028125 0.03125
0 0.38359375 0.96953125 0.0640625 0.05