7 0.246875 0.17734375 0.1609375 0.1234375
3 0.84375 0.2421875 0.1546875 0.165625
7 0.44921875 0.25078125 0.15625 0.1359375
3 0.61640625 0.3125 0.1453125 0.1421875
8 0.18515625 0.6640625 0.3328125 0.6015625
8 0.8203125 0.7296875 0.25 0.540625
8 0.44375 0.7328125 0.24375 0.534375
8 0.57734375 0.753125 0.2265625 0.49375
3 0.3890625 0.771875 0.221875 0.2734375
2 0.23984375 0.25703125 0.1515625 0.090625
6 0.61171875 0.39140625 0.1359375 0.084375
6 0.8390625 0.3265625 0.1484375 0.0921875
6 0.4453125 0.3265625 0.14375 0.0984375