3 0.09296875 0.17890625 0.1046875 0.1203125
3 0.33984375 0.2375 0.1140625 0.1046875
3 0.5453125 0.28125 0.1140625 0.10625
3 0.7421875 0.28828125 0.115625 0.1171875
3 0.94375 0.209375 0.1125 0.14375
10 0.1 0.38671875 0.2 0.3453125
10 0.32265625 0.4265625 0.215625 0.340625
10 0.521875 0.4671875 0.221875 0.3078125
10 0.71328125 0.4890625 0.209375 0.325
0 0.04453125 0.76015625 0.0890625 0.1265625
0 0.225 0.740625 0.125 0.1234375
0 0.278125 0.77734375 0.121875 0.1296875
0 0.45390625 0.7609375 0.115625 0.1109375
0 0.49140625 0.81171875 0.109375 0.109375
0 0.6125 0.825 0.1015625 0.0875
0 0.64921875 0.86953125 0.1140625 0.1046875
0 0.80859375 0.89453125 0.1359375 0.1203125
0 0.8515625 0.93515625 0.165625 0.1296875