3 0.696875 0.3953125 0.0703125 0.075
3 0.49609375 0.45859375 0.0359375 0.0484375
3 0.45234375 0.48125 0.05 0.0484375
3 0.58203125 0.46796875 0.0328125 0.0390625
3 0.63046875 0.47578125 0.05 0.0484375
3 0.21875 0.5296875 0.0640625 0.0546875
3 0.36484375 0.5203125 0.0484375 0.0671875
10 0.58203125 0.5421875 0.0578125 0.103125
10 0.5109375 0.56640625 0.059375 0.134375
10 0.725 0.5578125 0.1421875 0.234375
10 0.47265625 0.5984375 0.0796875 0.178125
10 0.6328125 0.5859375 0.0765625 0.14375
10 0.375 0.63046875 0.0765625 0.15625
10 0.2296875 0.65234375 0.10625 0.1859375