3 0.79921875 0.20859375 0.1046875 0.1140625
3 0.51796875 0.24609375 0.0890625 0.0890625
3 0.6421875 0.259375 0.0859375 0.0875
3 0.40859375 0.246875 0.078125 0.09375
3 0.27265625 0.25546875 0.09375 0.0921875
10 0.77890625 0.48671875 0.1890625 0.38125
10 0.24375 0.4625 0.153125 0.2921875
10 0.51171875 0.4796875 0.1328125 0.3078125
10 0.38828125 0.4734375 0.1390625 0.2828125
10 0.62890625 0.49921875 0.1453125 0.321875
6 0.7921875 0.246875 0.0640625 0.034375
6 0.6328125 0.29921875 0.0609375 0.034375
6 0.5125 0.28359375 0.053125 0.0328125
6 0.4 0.2859375 0.0625 0.034375
6 0.26640625 0.29453125 0.0578125 0.040625