10 0.765625 0.22421875 0.0671875 0.0515625
10 0.66640625 0.30078125 0.071875 0.08125
10 0.4765625 0.3125 0.0625 0.0546875
10 0.2 0.5640625 0.0703125 0.0890625
3 0.1828125 0.49765625 0.03125 0.03125
3 0.66796875 0.240625 0.0390625 0.0375
0 0.25859375 0.7234375 0.0359375 0.0375
0 0.65546875 0.4109375 0.0265625 0.0546875
0 0.68984375 0.3921875 0.0359375 0.053125
0 0.74375 0.37578125 0.0328125 0.065625
0 0.78125 0.32578125 0.0296875 0.053125
0 0.45390625 0.41015625 0.0265625 0.0390625
0 0.471875 0.40390625 0.0265625 0.0359375