3 0.13671875 0.1328125 0.084375 0.08125
3 0.2515625 0.19609375 0.0484375 0.0515625
3 0.3875 0.16875 0.05 0.05
3 0.45390625 0.1796875 0.0546875 0.0734375
3 0.8640625 0.18046875 0.0453125 0.0453125
3 0.91484375 0.06875 0.084375 0.0796875
10 0.1734375 0.33671875 0.2640625 0.3109375
10 0.2609375 0.378125 0.0671875 0.115625
10 0.384375 0.3078125 0.08125 0.1578125
10 0.4671875 0.31015625 0.096875 0.19375
10 0.6640625 0.28515625 0.1078125 0.19375
10 0.8984375 0.3234375 0.1296875 0.3296875
0 0.8953125 0.75234375 0.0796875 0.05
0 0.62578125 0.64140625 0.05625 0.028125
0 0.69453125 0.63828125 0.034375 0.0265625
0 0.46875 0.64453125 0.0484375 0.0359375
3 0.6578125 0.12578125 0.084375 0.05625