3 0.259375 0.39375 0.0703125 0.11875
3 0.1375 0.41328125 0.0546875 0.0796875
3 0.49765625 0.365625 0.0453125 0.075
3 0.56171875 0.371875 0.0390625 0.06875
3 0.315625 0.41484375 0.04375 0.0578125
3 0.61171875 0.3796875 0.046875 0.0796875
3 0.43515625 0.42421875 0.0484375 0.0765625
3 0.38359375 0.4484375 0.040625 0.0703125
10 0.3375 0.540625 0.084375 0.2328125
10 0.5796875 0.50390625 0.075 0.1890625
10 0.51875 0.51484375 0.0890625 0.2265625
10 0.153125 0.60234375 0.1140625 0.2546875
10 0.459375 0.55390625 0.0890625 0.2140625
10 0.6359375 0.52578125 0.0921875 0.23125
10 0.40546875 0.5765625 0.08125 0.2078125
10 0.28671875 0.6015625 0.121875 0.290625