3 0.32578125 0.49453125 0.0421875 0.0421875
3 0.26875 0.4828125 0.040625 0.040625
3 0.55546875 0.56015625 0.0453125 0.0421875
3 0.6359375 0.5828125 0.0453125 0.0421875
3 0.39765625 0.528125 0.040625 0.0453125
3 0.43671875 0.5546875 0.0328125 0.034375
3 0.46875 0.56484375 0.0609375 0.046875
10 0.240625 0.56015625 0.0734375 0.121875
10 0.53125 0.63984375 0.0875 0.1265625
10 0.2921875 0.578125 0.0828125 0.1296875
10 0.63125 0.67265625 0.1015625 0.121875
10 0.36796875 0.6125 0.0859375 0.140625
10 0.4046875 0.6296875 0.0546875 0.1125
10 0.4390625 0.66171875 0.090625 0.140625