3 0.3359375 0.45625 0.040625 0.046875
3 0.45 0.421875 0.034375 0.0375
3 0.55 0.428125 0.034375 0.040625
3 0.634375 0.41953125 0.0390625 0.0484375
3 0.6921875 0.41015625 0.05625 0.05625
0 0.346875 0.815625 0.021875 0.0375
0 0.37578125 0.79453125 0.040625 0.0234375
0 0.49140625 0.75546875 0.0234375 0.0234375
0 0.5328125 0.75703125 0.028125 0.03125
0 0.58046875 0.790625 0.034375 0.025
0 0.6140625 0.80625 0.021875 0.03125
0 0.6640625 0.8078125 0.04375 0.0203125
0 0.69609375 0.828125 0.025 0.028125
0 0.734375 0.9234375 0.059375 0.0421875