7 0.6546875 0.26875 0.0921875 0.090625
8 0.4609375 0.4125 0.1953125 0.4234375
10 0.27890625 0.4546875 0.1515625 0.390625
10 0.81796875 0.52890625 0.203125 0.409375
8 0.63125 0.509375 0.1578125 0.29375
7 0.515625 0.06640625 0.0984375 0.078125
7 0.17578125 0.0703125 0.084375 0.08125
3 0.3234375 0.11875 0.1046875 0.1265625
7 0.83203125 0.18359375 0.0828125 0.0734375
6 0.65 0.3015625 0.0828125 0.05625
6 0.825 0.24375 0.0875 0.0640625
6 0.5078125 0.12578125 0.090625 0.0625
6 0.175 0.13828125 0.08125 0.0625
2 0.31484375 0.17734375 0.1 0.0765625
10 0.12421875 0.38984375 0.1734375 0.378125