10 0.8828125 0.7515625 0.2171875 0.4921875
3 0.20234375 0.12265625 0.115625 0.13125
3 0.54765625 0.22109375 0.1171875 0.1140625
3 0.3609375 0.29609375 0.1109375 0.1140625
3 0.68828125 0.3390625 0.1140625 0.1078125
3 0.89921875 0.3609375 0.1234375 0.115625
10 0.15703125 0.434375 0.1921875 0.4
8 0.52734375 0.54609375 0.2046875 0.3953125
10 0.328125 0.5953125 0.1921875 0.384375
10 0.6921875 0.678125 0.18125 0.41875
2 0.1984375 0.171875 0.0640625 0.059375
6 0.36484375 0.34140625 0.065625 0.04375
6 0.5390625 0.28046875 0.0828125 0.0390625
6 0.675 0.39375 0.0609375 0.0328125
6 0.88671875 0.41171875 0.075 0.0328125