3 0.47890625 0.86953125 0.1203125 0.140625
3 0.47734375 0.9171875 0.1859375 0.165625
3 0.64765625 0.953125 0.1390625 0.08125
3 0.21953125 0.38984375 0.1 0.103125
3 0.47265625 0.328125 0.146875 0.171875
3 0.33671875 0.38203125 0.1078125 0.1125
7 0.68984375 0.2890625 0.1328125 0.1734375
7 0.41796875 0.3625 0.05 0.0875
7 0.64296875 0.33046875 0.084375 0.1546875
3 0.01875 0.5375 0.0375 0.075
7 0.94140625 0.43828125 0.1171875 0.1859375
3 0.15859375 0.7890625 0.1125 0.140625
3 0.24375 0.7921875 0.140625 0.1484375
8 0.96640625 0.62265625 0.0671875 0.2484375
8 0.79375 0.47421875 0.203125 0.265625
6 0.68359375 0.31328125 0.0671875 0.053125
6 0.63671875 0.315625 0.04375 0.04375
8 0.24765625 0.58828125 0.190625 0.3125
8 0.3796875 0.5890625 0.15 0.28125