3 0.65390625 0.384375 0.0484375 0.0515625
3 0.6421875 0.4921875 0.053125 0.05625
3 0.459375 0.48828125 0.05 0.05
3 0.721875 0.5296875 0.046875 0.0515625
3 0.56015625 0.51015625 0.0546875 0.0546875
3 0.3609375 0.4890625 0.05625 0.0609375
3 0.7875 0.5453125 0.0421875 0.05
3 0.125 0.47578125 0.05625 0.0734375
3 0.25703125 0.52890625 0.046875 0.0453125
3 0.1875 0.53828125 0.0546875 0.0703125
10 0.53046875 0.63125 0.1171875 0.20625
10 0.6171875 0.63828125 0.0984375 0.209375
10 0.7015625 0.665625 0.0953125 0.1734375
10 0.09453125 0.60625 0.1234375 0.196875
10 0.43203125 0.65078125 0.109375 0.2125
10 0.77734375 0.6953125 0.10625 0.2171875
10 0.34140625 0.653125 0.1140625 0.2140625
10 0.2421875 0.66484375 0.096875 0.196875
10 0.16328125 0.6671875 0.1 0.1953125
3 0.60546875 0.13515625 0.0546875 0.065625
3 0.51953125 0.13515625 0.04375 0.053125
10 0.5859375 0.259375 0.0984375 0.18125
10 0.4984375 0.25703125 0.09375 0.171875
6 0.60234375 0.15390625 0.0375 0.0296875
6 0.51640625 0.15078125 0.0375 0.028125
6 0.78828125 0.56640625 0.040625 0.0328125
6 0.71875 0.55234375 0.046875 0.0359375
6 0.6375 0.51484375 0.05 0.0375
6 0.55390625 0.53359375 0.0484375 0.0359375
6 0.4546875 0.5140625 0.0453125 0.03125
6 0.359375 0.52265625 0.05 0.0359375
6 0.2546875 0.55078125 0.046875 0.0359375
2 0.184375 0.55546875 0.0375 0.0296875
2 0.1234375 0.4859375 0.04375 0.0359375