3 0.69921875 0.46484375 0.04375 0.046875
3 0.2796875 0.5 0.03359375 0.0546875
3 0.51171875 0.52109375 0.03359375 0.02890625
10 0.22265625 0.61171875 0.0890625 0.17890625
10 0.7125 0.64296875 0.0609375 0.19453125
3 0.42578125 0.71953125 0.02890625 0.0828125
10 0.52890625 0.725 0.09765625 0.11953125
0 0.28359375 0.846875 0.06953125 0.0875
9 0.24765625 0.6796875 0.1703125 0.4484375
9 0.6703125 0.6921875 0.14296875 0.53515625
9 0.52265625 0.56953125 0.1171875 0.1859375
9 0.4953125 0.82890625 0.20234375 0.34140625