3 0.353125 0.26640625 0.034375 0.0609375
3 0.59921875 0.271875 0.0453125 0.0515625
3 0.5125 0.29453125 0.03125 0.0515625
10 0.48984375 0.30703125 0.05625 0.075
8 0.41015625 0.33515625 0.065625 0.1453125
3 0.33046875 0.39140625 0.0421875 0.071875
3 0.67421875 0.3734375 0.05 0.078125
3 0.58984375 0.40546875 0.0515625 0.0828125
7 0.20546875 0.47265625 0.040625 0.0515625
8 0.3328125 0.50625 0.090625 0.18125
3 0.09296875 0.54921875 0.0578125 0.0828125
8 0.5875 0.53046875 0.071875 0.190625
8 0.23359375 0.56640625 0.0734375 0.140625
7 0.11015625 0.62734375 0.0453125 0.0515625
3 0.7734375 0.6359375 0.04375 0.0515625
3 0.8203125 0.634375 0.0390625 0.0765625
8 0.128125 0.7078125 0.0875 0.1359375
8 0.89375 0.69453125 0.0890625 0.1203125
3 0.503125 0.734375 0.05 0.084375
8 0.7546875 0.73671875 0.0828125 0.14375
8 0.45 0.75390625 0.0796875 0.1109375
3 0.390625 0.23046875 0.05 0.053125
8 0.6796875 0.4421875 0.059375 0.0890625