3 0.24453125 0.0515625 0.096875 0.09375
3 0.3390625 0.1421875 0.05625 0.059375
3 0.47734375 0.15078125 0.0578125 0.0578125
3 0.53828125 0.178125 0.0671875 0.08125
3 0.934375 0.2859375 0.053125 0.053125
3 0.98203125 0.18984375 0.0359375 0.0921875
10 0.22734375 0.2578125 0.3140625 0.35
10 0.30078125 0.3203125 0.0859375 0.125
10 0.43828125 0.284375 0.109375 0.1671875
10 0.5171875 0.30859375 0.13125 0.20625
10 0.7140625 0.334375 0.1421875 0.2078125
10 0.91796875 0.4328125 0.1640625 0.34375
0 0.81640625 0.8453125 0.0859375 0.0625
0 0.58515625 0.66953125 0.059375 0.0375
0 0.65234375 0.684375 0.0375 0.03125
0 0.4328125 0.63203125 0.053125 0.04375
3 0.75 0.17890625 0.0921875 0.0703125
5 0.11171875 0.40625 0.078125 0.0921875
1 0.54609375 0.4203125 0.0515625 0.0703125
1 0.36953125 0.39765625 0.04375 0.0703125
1 0.4390625 0.384375 0.0421875 0.078125
1 0.89609375 0.5265625 0.0484375 0.059375
1 0.63125 0.43515625 0.0578125 0.0796875
1 0.7171875 0.47578125 0.053125 0.0703125
5 0.37421875 0.2765625 0.075 0.1
1 0.24453125 0.39921875 0.0765625 0.10625
1 0.31484375 0.4015625 0.0515625 0.0796875