3 0.63671875 0.55078125 0.03125 0.028125
3 0.26484375 0.65390625 0.0375 0.0390625
3 0.72109375 0.553125 0.028125 0.0296875
3 0.57421875 0.58984375 0.03125 0.03125
3 0.1375 0.70234375 0.03125 0.0296875
3 0.4046875 0.64453125 0.0234375 0.034375
3 0.3453125 0.6609375 0.025 0.028125
3 0.790625 0.553125 0.025 0.0234375
3 0.45234375 0.63984375 0.0234375 0.0265625
3 0.5140625 0.62734375 0.025 0.034375
8 0.66015625 0.64296875 0.0515625 0.0875
8 0.81171875 0.63359375 0.053125 0.096875
8 0.74609375 0.63203125 0.046875 0.0734375
8 0.72109375 0.6609375 0.0328125 0.065625
8 0.59609375 0.6671875 0.05 0.09375
8 0.4765625 0.70546875 0.0375 0.08125
8 0.53125 0.70234375 0.0359375 0.084375
8 0.42734375 0.70234375 0.0328125 0.0734375
8 0.3609375 0.73125 0.0375 0.0671875
8 0.2875 0.7390625 0.0609375 0.1109375
8 0.159375 0.78046875 0.059375 0.1
3 0.7 0.5859375 0.03125 0.03125
6 0.6359375 0.56796875 0.0234375 0.0203125