3 0.634375 0.55546875 0.03125 0.0265625
3 0.259375 0.6453125 0.0359375 0.0375
3 0.71875 0.56015625 0.0265625 0.0296875
3 0.5703125 0.5921875 0.03125 0.03125
3 0.13046875 0.68984375 0.03125 0.028125
3 0.4 0.64140625 0.021875 0.034375
3 0.33984375 0.65546875 0.0234375 0.0265625
3 0.7890625 0.56328125 0.0234375 0.021875
3 0.44765625 0.63828125 0.0234375 0.0265625
3 0.509375 0.628125 0.0234375 0.0328125
8 0.65546875 0.6484375 0.05 0.0859375
8 0.80703125 0.64375 0.05 0.0953125
8 0.74140625 0.640625 0.0453125 0.071875
8 0.715625 0.66796875 0.03125 0.065625
8 0.590625 0.6703125 0.0484375 0.09375
8 0.46953125 0.7046875 0.034375 0.08125
8 0.52421875 0.703125 0.0328125 0.084375
8 0.4203125 0.7 0.03125 0.0734375
8 0.353125 0.72578125 0.0359375 0.0671875
8 0.27890625 0.73125 0.0578125 0.1109375
8 0.15 0.76875 0.05625 0.0984375
3 0.696875 0.59296875 0.03125 0.03125
6 0.63359375 0.57265625 0.0234375 0.01875