3 0.7484375 0.31875 0.140625 0.1359375
10 0.54921875 0.4875 0.2765625 0.41875
10 0.35 0.46875 0.2734375 0.4953125
10 0.7125 0.60078125 0.25 0.403125
3 0.4671875 0.15859375 0.1421875 0.13125
3 0.6125 0.21328125 0.109375 0.1265625
6 0.72734375 0.33828125 0.0625 0.053125
6 0.46875 0.21171875 0.0859375 0.084375
6 0.60546875 0.2640625 0.065625 0.0578125
3 0.93984375 0.4359375 0.059375 0.0625
3 0.8796875 0.42890625 0.0515625 0.053125
10 0.8609375 0.5328125 0.0984375 0.140625
10 0.91640625 0.5515625 0.0859375 0.159375