3 0.4859375 0.19140625 0.05625 0.0796875
3 0.63515625 0.203125 0.05625 0.0875
3 0.684375 0.21796875 0.0578125 0.0859375
10 0.56875 0.39375 0.09375 0.278125
10 0.3375 0.38828125 0.10625 0.334375
10 0.2203125 0.39609375 0.1203125 0.3296875
10 0.12421875 0.4125 0.1484375 0.3265625
10 0.6828125 0.45234375 0.1015625 0.2875
10 0.4765625 0.44296875 0.121875 0.3296875
3 0.45 0.115625 0.05 0.0796875
3 0.21953125 0.1421875 0.059375 0.103125
3 0.27421875 0.1484375 0.0453125 0.0671875
3 0.5328125 0.1625 0.046875 0.0859375
3 0.40078125 0.15625 0.0546875 0.0734375
3 0.34453125 0.15390625 0.059375 0.0765625
3 0.57265625 0.1796875 0.0546875 0.0921875
3 0.1390625 0.16484375 0.065625 0.0890625
6 0.1375 0.2046875 0.05 0.034375
6 0.21953125 0.1828125 0.053125 0.0375
6 0.275 0.18515625 0.0390625 0.0296875
6 0.34375 0.20234375 0.0421875 0.0359375
6 0.40703125 0.1859375 0.0359375 0.0203125
6 0.45078125 0.15 0.040625 0.0296875
6 0.48515625 0.22890625 0.040625 0.03125
6 0.53359375 0.2 0.0328125 0.03125
6 0.56875 0.21640625 0.0390625 0.03125
6 0.63671875 0.234375 0.03125 0.0234375
6 0.6875 0.26328125 0.04375 0.0453125