3 0.93046875 0.225 0.0796875 0.0890625
3 0.3953125 0.128125 0.0609375 0.065625
3 0.28359375 0.1171875 0.0640625 0.065625
3 0.18203125 0.403125 0.059375 0.06875
10 0.90703125 0.48125 0.1859375 0.3390625
10 0.38828125 0.353125 0.1421875 0.2703125
10 0.25546875 0.321875 0.14375 0.2640625
10 0.134375 0.59609375 0.146875 0.2375
0 0.746875 0.990625 0.084375 0.01875
0 0.2140625 0.78984375 0.065625 0.0484375
0 0.1703125 0.83359375 0.071875 0.0546875
0 0.08515625 0.81171875 0.040625 0.071875
0 0.3125 0.790625 0.090625 0.0828125
0 0.8625 0.9921875 0.0625 0.015625