3 0.29296875 0.41640625 0.0640625 0.06875
3 0.49921875 0.45859375 0.03125 0.0453125
3 0.5453125 0.4765625 0.046875 0.04375
3 0.41484375 0.4765625 0.0296875 0.0359375
3 0.36796875 0.48984375 0.046875 0.04375
3 0.7828125 0.5 0.059375 0.05
3 0.63671875 0.50625 0.040625 0.0625
10 0.42265625 0.55078125 0.046875 0.0984375
10 0.49609375 0.5671875 0.0453125 0.13125
10 0.28203125 0.58125 0.11875 0.2234375
10 0.5375 0.5953125 0.0625 0.171875
10 0.3765625 0.59921875 0.0625 0.1375
10 0.63828125 0.61640625 0.0609375 0.15
10 0.78515625 0.6234375 0.0875 0.178125