3 0.36640625 0.30078125 0.0640625 0.103125
3 0.4203125 0.31171875 0.075 0.115625
3 0.04609375 0.31875 0.084375 0.18125
3 0.56640625 0.31875 0.075 0.096875
3 0.178125 0.33046875 0.0703125 0.121875
3 0.76875 0.33125 0.071875 0.0921875
3 0.23671875 0.3828125 0.0890625 0.125
8 0.56953125 0.515625 0.109375 0.2171875
8 0.40625 0.540625 0.121875 0.275
8 0.76328125 0.57890625 0.1296875 0.3203125
8 0.225 0.63125 0.1265625 0.34375
8 0.05 0.66875 0.1 0.440625
6 0.76640625 0.38125 0.0640625 0.040625
6 0.56171875 0.36875 0.06875 0.0484375
8 0.15859375 0.47890625 0.0625 0.1265625