3 0.921875 0.29375 0.0734375 0.0546875
3 0.1375 0.3234375 0.0765625 0.0796875
3 0.36484375 0.33515625 0.053125 0.0453125
3 0.44375 0.34921875 0.053125 0.03125
3 0.72890625 0.36015625 0.0546875 0.0453125
3 0.24921875 0.35703125 0.0578125 0.0515625
3 0.59765625 0.36171875 0.0453125 0.046875
8 0.921875 0.446875 0.1 0.18125
8 0.44296875 0.45859375 0.0828125 0.1234375
8 0.3421875 0.4578125 0.0765625 0.1578125
8 0.734375 0.4671875 0.1 0.1125
8 0.6015625 0.465625 0.0796875 0.11875
8 0.13203125 0.49296875 0.1046875 0.1984375
8 0.2484375 0.49765625 0.103125 0.171875