3 0.33515625 0.459375 0.0421875 0.0484375
3 0.4484375 0.42265625 0.0359375 0.0375
3 0.54921875 0.4265625 0.0359375 0.040625
3 0.6328125 0.4171875 0.0390625 0.05
3 0.690625 0.40703125 0.05625 0.05625
0 0.35234375 0.81796875 0.0234375 0.0375
0 0.38046875 0.796875 0.040625 0.025
0 0.49609375 0.75546875 0.0234375 0.0234375
0 0.5375 0.75625 0.028125 0.03125
0 0.58515625 0.7890625 0.034375 0.025
0 0.61953125 0.80390625 0.021875 0.03125
0 0.66953125 0.8046875 0.04375 0.021875
0 0.70234375 0.825 0.025 0.028125
0 0.74140625 0.91953125 0.0609375 0.04375