10 0.1359375 0.76328125 0.25 0.4734375
3 0.77109375 0.103125 0.1234375 0.1375
3 0.4328125 0.22578125 0.1234375 0.121875
3 0.625 0.28671875 0.1171875 0.1203125
3 0.30078125 0.353125 0.1203125 0.1140625
3 0.0921875 0.3890625 0.1296875 0.1234375
10 0.8375 0.4109375 0.21875 0.4078125
8 0.47578125 0.54765625 0.2296875 0.4046875
10 0.678125 0.5828125 0.2171875 0.39375
10 0.32109375 0.690625 0.2078125 0.4265625
2 0.77734375 0.1515625 0.0671875 0.0625
6 0.62421875 0.3328125 0.06875 0.046875
6 0.44609375 0.28359375 0.084375 0.04375
6 0.31796875 0.40625 0.0625 0.0359375
6 0.1078125 0.4390625 0.0765625 0.0375