3 0.8765625 0.62421875 0.0375 0.0421875
3 0.44296875 0.7015625 0.065625 0.0625
3 0.95859375 0.61796875 0.0390625 0.0421875
3 0.6265625 0.67890625 0.0546875 0.0546875
3 0.809375 0.659375 0.0375 0.0375
10 0.6359375 0.7578125 0.1109375 0.13125
10 0.81328125 0.73671875 0.075 0.1203125
10 0.94375 0.3265625 0.0890625 0.15
10 0.4578125 0.784375 0.0890625 0.1140625
10 0.703125 0.57734375 0.0453125 0.071875
3 0.69609375 0.51953125 0.0328125 0.034375
3 0.91171875 0.6515625 0.0234375 0.03125
10 0.921875 0.6953125 0.0328125 0.05625
10 0.87421875 0.7015625 0.0484375 0.08125