3 0.62578125 0.2546875 0.034375 0.0609375
3 0.38125 0.28125 0.0453125 0.0515625
3 0.46953125 0.29609375 0.0296875 0.0515625
10 0.49296875 0.30703125 0.05625 0.075
8 0.575 0.328125 0.0640625 0.1453125
3 0.659375 0.37734375 0.040625 0.071875
3 0.315625 0.3890625 0.05 0.0765625
3 0.40234375 0.41328125 0.05 0.08125
7 0.79140625 0.446875 0.0390625 0.0515625
8 0.6671875 0.4921875 0.0875 0.1796875
3 0.91015625 0.5140625 0.05625 0.08125
8 0.415625 0.53828125 0.06875 0.190625
8 0.77109375 0.54296875 0.071875 0.1390625
7 0.89921875 0.59296875 0.0453125 0.0515625
3 0.23984375 0.659375 0.04375 0.0515625
3 0.19296875 0.66171875 0.0390625 0.0765625
8 0.88828125 0.675 0.0859375 0.134375
8 0.125 0.728125 0.0875 0.11875
3 0.5171875 0.73359375 0.0484375 0.0828125
8 0.26640625 0.75859375 0.08125 0.14375
8 0.571875 0.7484375 0.0765625 0.109375
3 0.5859375 0.221875 0.0484375 0.0515625
8 0.315625 0.4578125 0.0578125 0.0890625