7 0.80078125 0.22109375 0.159375 0.1203125
3 0.20078125 0.19140625 0.153125 0.1625
7 0.58984375 0.26171875 0.153125 0.1328125
3 0.4140625 0.296875 0.14375 0.140625
8 0.78515625 0.70625 0.3234375 0.5875
8 0.14765625 0.67734375 0.2421875 0.5390625
8 0.51796875 0.7359375 0.2359375 0.528125
8 0.38203125 0.7453125 0.2171875 0.5046875
3 0.5671875 0.7859375 0.21875 0.2703125
2 0.7953125 0.30078125 0.15 0.0875
6 0.40703125 0.375 0.134375 0.08125
6 0.1921875 0.27578125 0.146875 0.090625
6 0.58125 0.3375 0.1421875 0.096875