3 0.91640625 0.19375 0.0953125 0.0921875
3 0.79296875 0.23828125 0.05625 0.0578125
3 0.6625 0.18984375 0.05625 0.05625
3 0.59609375 0.190625 0.0640625 0.0796875
3 0.190625 0.128125 0.0515625 0.0515625
3 0.1578125 0.02734375 0.09375 0.0546875
10 0.846875 0.3890625 0.30625 0.34375
10 0.7546875 0.41640625 0.0828125 0.1234375
10 0.64375 0.328125 0.1046875 0.1671875
10 0.5625 0.31796875 0.125 0.2046875
10 0.371875 0.26171875 0.1359375 0.20625
10 0.13359375 0.26328125 0.178125 0.3421875
0 0.0703125 0.68671875 0.0859375 0.0609375
0 0.353125 0.6203125 0.059375 0.0359375
0 0.2859375 0.60625 0.0375 0.03125
0 0.5078125 0.64765625 0.053125 0.0421875
3 0.40234375 0.10546875 0.0921875 0.0671875