3 0.6828125 0.359375 0.1578125 0.1734375
3 0.128125 0.5484375 0.084375 0.096875
7 0.82265625 0.40703125 0.0875 0.115625
3 0.46953125 0.49140625 0.0796875 0.09375
7 0.08046875 0.5890625 0.103125 0.115625
8 0.51171875 0.65859375 0.1625 0.25
8 0.3546875 0.72734375 0.1625 0.2375
8 0.14453125 0.7828125 0.1890625 0.3046875
8 0.76484375 0.71328125 0.2671875 0.4640625
8 0.2328125 0.6140625 0.0578125 0.0640625
3 0.22109375 0.55 0.059375 0.0640625
8 0.875 0.53125 0.0828125 0.1328125
3 0.9453125 0.3921875 0.065625 0.08125
8 0.96171875 0.515625 0.0765625 0.15625