3 0.10234375 0.3109375 0.2046875 0.215625
3 0.29375 0.27890625 0.1609375 0.1734375
3 0.45546875 0.32734375 0.1765625 0.196875
3 0.81484375 0.27265625 0.1515625 0.1296875
3 0.59453125 0.31953125 0.1296875 0.1484375
3 0.6890625 0.36953125 0.1140625 0.115625
8 0.5234375 0.59375 0.2390625 0.3578125
10 0.30078125 0.63828125 0.215625 0.3984375
8 0.896875 0.63671875 0.20625 0.4328125
10 0.13125 0.7234375 0.2625 0.553125
6 0.82578125 0.33125 0.109375 0.0796875
6 0.68828125 0.40625 0.075 0.0625
6 0.603125 0.365625 0.0875 0.05
6 0.48125 0.39296875 0.1015625 0.0875
6 0.30859375 0.34453125 0.09375 0.071875
6 0.1546875 0.38671875 0.053125 0.05