7 0.10078125 0.33046875 0.10625 0.1359375
3 0.228125 0.3671875 0.065625 0.0703125
7 0.534375 0.38515625 0.0578125 0.1234375
7 0.32734375 0.38359375 0.0421875 0.075
7 0.884375 0.40234375 0.0859375 0.0828125
7 0.41796875 0.4234375 0.0578125 0.0890625
10 0.328125 0.5015625 0.0921875 0.1609375
10 0.21640625 0.5046875 0.0578125 0.1890625
10 0.5328125 0.55859375 0.1109375 0.2515625
8 0.0984375 0.57265625 0.165625 0.353125
10 0.41484375 0.6328125 0.1140625 0.3203125
10 0.86484375 0.6421875 0.196875 0.325