8 0.26484375 0.5828125 0.1265625 0.2515625
8 0.4796875 0.62734375 0.1546875 0.275
8 0.35390625 0.62109375 0.0875 0.18125
8 0.7046875 0.70390625 0.1890625 0.3734375
3 0.72578125 0.39453125 0.10625 0.1046875
3 0.31015625 0.35703125 0.09375 0.1109375
3 0.50078125 0.41484375 0.0890625 0.0875
3 0.3765625 0.44609375 0.059375 0.0734375
3 0.11484375 0.15625 0.165625 0.1984375
6 0.72734375 0.43984375 0.0859375 0.0515625
6 0.49609375 0.43359375 0.059375 0.04375
6 0.36796875 0.45546875 0.0375 0.03125
6 0.30625 0.39453125 0.059375 0.04375
6 0.12421875 0.2203125 0.08125 0.1015625