3 0.6609375 0.44453125 0.040625 0.0453125
3 0.54453125 0.41875 0.0328125 0.0359375
3 0.44453125 0.43125 0.0328125 0.0390625
3 0.36015625 0.42890625 0.0375 0.046875
3 0.3015625 0.4234375 0.0546875 0.0546875
0 0.675 0.80390625 0.0203125 0.0359375
0 0.64453125 0.78515625 0.0390625 0.021875
0 0.5265625 0.75390625 0.021875 0.021875
0 0.48515625 0.75859375 0.0265625 0.0296875
0 0.440625 0.7953125 0.0328125 0.0234375
0 0.4078125 0.81328125 0.0203125 0.0296875
0 0.3578125 0.81796875 0.0421875 0.01875
0 0.32734375 0.84140625 0.0234375 0.0265625
0 0.29609375 0.9390625 0.0578125 0.040625
5 0.703125 0.61015625 0.0359375 0.084375
5 0.62890625 0.60078125 0.05625 0.084375
5 0.528125 0.5625 0.059375 0.0765625