7 0.4828125 0.2734375 0.1125 0.0921875
7 0.7078125 0.315625 0.075 0.0515625
7 0.1953125 0.23984375 0.096875 0.084375
7 0.58828125 0.33984375 0.0671875 0.0609375
7 0.31484375 0.3078125 0.09375 0.096875
10 0.878125 0.5125 0.24375 0.409375
10 0.6609375 0.63046875 0.234375 0.4125
10 0.13515625 0.56015625 0.2703125 0.4953125
10 0.41171875 0.58984375 0.21875 0.3828125
7 0.928125 0.20703125 0.0859375 0.0765625
6 0.4671875 0.340625 0.0953125 0.0609375
6 0.3078125 0.35546875 0.078125 0.0609375
6 0.190625 0.284375 0.0875 0.0734375
2 0.90546875 0.2609375 0.090625 0.05625
6 0.70390625 0.36328125 0.0765625 0.0515625