3 0.12265625 0.3828125 0.0828125 0.09375
3 0.028125 0.3890625 0.05625 0.10625
3 0.30546875 0.3890625 0.059375 0.0609375
3 0.46015625 0.39296875 0.046875 0.0515625
3 0.6625 0.38125 0.046875 0.059375
3 0.51796875 0.40390625 0.0390625 0.05
3 0.70546875 0.41328125 0.05 0.078125
3 0.19296875 0.45 0.06875 0.08125
3 0.58046875 0.4234375 0.04375 0.0578125
3 0.846875 0.43125 0.0671875 0.0796875
8 0.6578125 0.53359375 0.0484375 0.1703125
8 0.46640625 0.5546875 0.090625 0.1890625
8 0.5296875 0.55078125 0.0734375 0.1703125
8 0.31640625 0.57265625 0.1109375 0.2015625
8 0.6015625 0.56640625 0.08125 0.1765625
8 0.70078125 0.5890625 0.0859375 0.2390625
8 0.125 0.63125 0.1203125 0.334375
8 0.20859375 0.6296875 0.0765625 0.25
8 0.86015625 0.63125 0.1125 0.2625
8 0.0484375 0.7046875 0.096875 0.45625
6 0.31328125 0.42421875 0.04375 0.028125
6 0.46640625 0.41875 0.0265625 0.0328125
6 0.51875 0.4328125 0.034375 0.025
6 0.66328125 0.41328125 0.03125 0.015625
6 0.68125 0.43203125 0.0203125 0.01875
6 0.2171875 0.4796875 0.0328125 0.0265625
2 0.83125 0.4671875 0.021875 0.0296875