3 0.71875 0.35390625 0.0515625 0.11171875
3 0.8421875 0.3515625 0.04296875 0.07265625
3 0.47890625 0.3671875 0.034375 0.0703125
3 0.4171875 0.384375 0.028125 0.0640625
3 0.6671875 0.384375 0.03515625 0.05234375
3 0.36875 0.40078125 0.034375 0.07421875
3 0.55078125 0.4140625 0.03671875 0.071875
3 0.60546875 0.42890625 0.0296875 0.065625
10 0.6671875 0.51171875 0.0453125 0.228125
10 0.421875 0.51796875 0.04296875 0.184375
10 0.484375 0.51796875 0.0515625 0.2203125
10 0.859375 0.540625 0.071875 0.24609375
10 0.54921875 0.54609375 0.05390625 0.2078125
10 0.3703125 0.54921875 0.05390625 0.22578125
10 0.60625 0.559375 0.046875 0.20234375
10 0.72734375 0.56328125 0.07421875 0.28203125