3 0.0953125 0.18828125 0.0734375 0.0828125
3 0.63671875 0.1390625 0.05625 0.0625
3 0.74921875 0.1375 0.059375 0.0609375
3 0.82578125 0.43125 0.0546875 0.065625
10 0.09609375 0.44609375 0.159375 0.328125
10 0.62421875 0.36328125 0.1203125 0.2609375
10 0.759375 0.34375 0.121875 0.2546875
10 0.85625 0.62734375 0.128125 0.228125
0 0.20859375 0.98046875 0.0796875 0.0390625
0 0.759375 0.81328125 0.0609375 0.04375
0 0.79921875 0.8609375 0.06875 0.05
0 0.8859375 0.84609375 0.0359375 0.06875
0 0.66171875 0.80546875 0.084375 0.0765625
0 0.09375 0.9765625 0.059375 0.046875