3 0.8234375 0.23515625 0.1140625 0.121875
3 0.53984375 0.2484375 0.0953125 0.0953125
3 0.66328125 0.27265625 0.0921875 0.09375
3 0.43046875 0.23984375 0.0859375 0.1
3 0.29453125 0.23671875 0.1015625 0.1
10 0.7796875 0.5109375 0.2203125 0.39375
10 0.2484375 0.43984375 0.1765625 0.3015625
10 0.5140625 0.48046875 0.159375 0.315625
10 0.390625 0.4640625 0.1609375 0.2921875
10 0.62890625 0.51015625 0.171875 0.3296875
6 0.81328125 0.2734375 0.065625 0.0390625
6 0.65 0.3109375 0.0625 0.040625
6 0.53203125 0.2859375 0.0546875 0.0375
6 0.41953125 0.278125 0.065625 0.0390625
6 0.28515625 0.275 0.0609375 0.0453125