3 0.66953125 0.48828125 0.0484375 0.053125
3 0.5640625 0.4328125 0.040625 0.0421875
3 0.46484375 0.41953125 0.040625 0.0453125
3 0.38359375 0.3953125 0.046875 0.0546875
3 0.328125 0.375 0.0640625 0.0640625
0 0.58984375 0.8390625 0.028125 0.0390625
0 0.56640625 0.8125 0.04375 0.03125
0 0.459375 0.75234375 0.0265625 0.0265625
0 0.41875 0.74609375 0.0328125 0.0359375
0 0.365625 0.7703125 0.0375 0.03125
0 0.3296875 0.77890625 0.0265625 0.034375
0 0.28046875 0.7703125 0.0453125 0.028125
0 0.24453125 0.78515625 0.0296875 0.03125
0 0.1890625 0.87109375 0.065625 0.0515625
5 0.6671875 0.659375 0.0546875 0.0890625
5 0.5984375 0.63125 0.0734375 0.09375
5 0.5109375 0.56796875 0.075 0.0875