10 0.7828125 0.54609375 0.215625 0.3828125
10 0.17578125 0.45078125 0.2171875 0.415625
10 0.65625 0.59140625 0.2375 0.3953125
8 0.48203125 0.56640625 0.2078125 0.3671875
8 0.3203125 0.54140625 0.1890625 0.3734375
3 0.50859375 0.12890625 0.1015625 0.1
3 0.25703125 0.08515625 0.1109375 0.0859375
3 0.84296875 0.21171875 0.096875 0.0828125
3 0.69296875 0.24453125 0.096875 0.0875
3 0.38671875 0.20625 0.0953125 0.0796875
3 0.54609375 0.25 0.09375 0.08125
6 0.24921875 0.14765625 0.0921875 0.0640625
6 0.37421875 0.265625 0.0921875 0.0640625
6 0.49765625 0.184375 0.0890625 0.0625
6 0.534375 0.31015625 0.090625 0.065625
6 0.68203125 0.30234375 0.09375 0.06875
6 0.828125 0.271875 0.0859375 0.06875
8 0.44296875 0.321875 0.1 0.1484375