3 0.1390625 0.21484375 0.2359375 0.2015625
3 0.35390625 0.23515625 0.1515625 0.1640625
3 0.4984375 0.321875 0.165625 0.1875
3 0.8609375 0.35625 0.1453125 0.121875
3 0.6359375 0.34765625 0.1203125 0.1421875
3 0.71484375 0.41953125 0.1078125 0.109375
8 0.5 0.59609375 0.2171875 0.346875
10 0.27265625 0.5859375 0.190625 0.390625
8 0.8796875 0.73671875 0.2359375 0.4234375
10 0.0953125 0.66015625 0.190625 0.6171875
6 0.85703125 0.41484375 0.1046875 0.0734375
6 0.70546875 0.4546875 0.071875 0.0578125
6 0.63203125 0.39453125 0.0859375 0.0453125
6 0.5078125 0.39140625 0.096875 0.0828125
6 0.3515625 0.303125 0.090625 0.065625
6 0.1921875 0.30703125 0.05 0.0484375