3 0.9046875 0.25546875 0.059375 0.0703125
3 0.3859375 0.196875 0.053125 0.0671875
3 0.7328125 0.25546875 0.0625 0.0625
3 0.4765625 0.23203125 0.0625 0.0625
3 0.24140625 0.2046875 0.0546875 0.075
3 0.54609375 0.24921875 0.0546875 0.078125
3 0.0671875 0.2125 0.05625 0.075
3 0.6265625 0.2875 0.05625 0.075
3 0.3078125 0.2671875 0.059375 0.0765625
3 0.140625 0.2765625 0.0546875 0.078125
10 0.7921875 0.46484375 0.1203125 0.328125
10 0.3640625 0.4390625 0.1203125 0.2796875
10 0.525 0.46484375 0.1109375 0.28125
10 0.2171875 0.4359375 0.1234375 0.296875
10 0.70390625 0.50234375 0.1125 0.2828125
10 0.44921875 0.47421875 0.1234375 0.3546875
10 0.609375 0.5 0.1171875 0.2609375
10 0.86484375 0.5375 0.0859375 0.321875
10 0.9390625 0.55078125 0.121875 0.3796875
10 0.2828125 0.47265625 0.09375 0.2546875
10 0.04609375 0.45234375 0.0921875 0.3171875
10 0.125 0.48828125 0.1171875 0.2734375
3 0.81640625 0.17890625 0.0703125 0.0859375
3 0.86640625 0.23515625 0.0578125 0.071875
3 0.9640625 0.24921875 0.071875 0.1078125