3 0.28671875 0.34609375 0.0546875 0.1140625
3 0.16328125 0.33984375 0.0453125 0.0734375
3 0.52578125 0.36796875 0.0375 0.071875
3 0.58671875 0.3875 0.0296875 0.065625
3 0.33671875 0.37890625 0.0375 0.053125
3 0.634375 0.40546875 0.0375 0.075
3 0.45234375 0.4125 0.0390625 0.0734375
3 0.396875 0.425 0.03125 0.0671875
10 0.3328125 0.50625 0.053125 0.2296875
10 0.57734375 0.5203125 0.05 0.1859375
10 0.51484375 0.51875 0.059375 0.221875
10 0.1390625 0.528125 0.0796875 0.2484375
10 0.44921875 0.54453125 0.0609375 0.209375
10 0.628125 0.55390625 0.0625 0.228125
10 0.39140625 0.55546875 0.0546875 0.203125
10 0.2703125 0.55546875 0.084375 0.284375