3 0.0875 0.18671875 0.103125 0.11875
3 0.33515625 0.240625 0.1125 0.103125
3 0.54140625 0.28046875 0.1125 0.1046875
3 0.73828125 0.28359375 0.1140625 0.115625
3 0.94140625 0.20078125 0.1171875 0.1421875
10 0.0984375 0.39375 0.196875 0.34375
10 0.32109375 0.4296875 0.209375 0.3390625
10 0.52109375 0.4671875 0.2171875 0.3046875
10 0.7125 0.48515625 0.2046875 0.3234375
0 0.046875 0.76875 0.09375 0.125
0 0.2296875 0.7453125 0.1234375 0.121875
0 0.2828125 0.78125 0.1203125 0.128125
0 0.45859375 0.76171875 0.1140625 0.109375
0 0.49609375 0.81171875 0.1078125 0.109375
0 0.61796875 0.8234375 0.1015625 0.0859375
0 0.65546875 0.8671875 0.1125 0.103125
0 0.815625 0.8890625 0.134375 0.11875
0 0.859375 0.93203125 0.1640625 0.134375