3 0.79609375 0.090625 0.2046875 0.18125
3 0.43125 0.15625 0.1203125 0.1265625
3 0.103125 0.25234375 0.20625 0.1828125
3 0.68125 0.23515625 0.096875 0.103125
3 0.209375 0.303125 0.0875 0.121875
8 0.4734375 0.51796875 0.2625 0.4375
8 0.253125 0.59140625 0.1703125 0.3296875
8 0.84765625 0.515625 0.3046875 0.446875
8 0.12890625 0.709375 0.2390625 0.4875
6 0.1296875 0.328125 0.1609375 0.10625
6 0.4359375 0.2265625 0.1140625 0.06875
6 0.6828125 0.29609375 0.0890625 0.05625
6 0.79609375 0.18359375 0.1515625 0.0890625
8 0.66796875 0.52421875 0.1421875 0.3265625