10 0.1796875 0.290625 0.0703125 0.0546875
10 0.29375 0.34375 0.075 0.084375
10 0.48046875 0.31171875 0.0640625 0.0578125
10 0.80703125 0.49453125 0.0734375 0.0921875
3 0.80859375 0.4265625 0.03125 0.03125
3 0.278125 0.28515625 0.040625 0.0390625
0 0.7859375 0.66328125 0.0375 0.0390625
0 0.32890625 0.4484375 0.0296875 0.05625
0 0.290625 0.4375 0.0375 0.053125
0 0.234375 0.434375 0.0359375 0.0671875
0 0.18671875 0.39296875 0.03125 0.0546875
0 0.525 0.4015625 0.028125 0.040625
0 0.50546875 0.4 0.028125 0.0375