10 0.840625 0.32578125 0.0734375 0.0609375
10 0.721875 0.36640625 0.0828125 0.090625
10 0.5390625 0.31484375 0.06875 0.0625
10 0.1953125 0.4625 0.08125 0.096875
3 0.20078125 0.39453125 0.034375 0.034375
3 0.74296875 0.309375 0.04375 0.0421875
0 0.1984375 0.6328125 0.040625 0.040625
0 0.67578125 0.46640625 0.034375 0.05625
0 0.71484375 0.46015625 0.0421875 0.05625
0 0.77109375 0.4625 0.040625 0.06875
0 0.82265625 0.4265625 0.0375 0.05625
0 0.48515625 0.4 0.03125 0.0421875
0 0.5046875 0.4 0.03125 0.0390625