3 0.52578125 0.08671875 0.1671875 0.1734375
3 0.22578125 0.2453125 0.178125 0.1859375
3 0.83984375 0.1328125 0.1265625 0.1765625
3 0.4234375 0.28671875 0.1875 0.2375
10 0.18984375 0.6046875 0.3796875 0.678125
10 0.7265625 0.60859375 0.4203125 0.6828125
7 0.07265625 0.1625 0.1453125 0.1625
10 0.50390625 0.7390625 0.3328125 0.521875
3 0.22734375 0.890625 0.2265625 0.21875
3 0.88828125 0.12578125 0.103125 0.171875
2 0.91875 0.24921875 0.08125 0.0890625
10 0.9359375 0.6203125 0.128125 0.540625
2 0.565625 0.19921875 0.1671875 0.13125
2 0.45078125 0.4078125 0.140625 0.1171875
2 0.26171875 0.3359375 0.1421875 0.1171875
6 0.08515625 0.22890625 0.140625 0.11875