3 0.3421875 0.38984375 0.05 0.053125
3 0.3578125 0.496875 0.0546875 0.0578125
3 0.53984375 0.48671875 0.0515625 0.0515625
3 0.27890625 0.5375 0.0484375 0.053125
3 0.440625 0.5125 0.05625 0.05625
3 0.63828125 0.484375 0.0578125 0.0625
3 0.21484375 0.55546875 0.04375 0.05
3 0.8734375 0.46328125 0.0578125 0.075
3 0.74375 0.52109375 0.0484375 0.0453125
3 0.81328125 0.52734375 0.0578125 0.071875
10 0.47421875 0.63203125 0.1234375 0.209375
10 0.38828125 0.6421875 0.1046875 0.2109375
10 0.30390625 0.67265625 0.1 0.175
10 0.909375 0.5921875 0.1296875 0.1984375
10 0.5734375 0.6484375 0.1171875 0.2140625
10 0.2296875 0.7046875 0.1125 0.21875
10 0.6640625 0.646875 0.1203125 0.215625
10 0.76328125 0.65625 0.103125 0.2
10 0.84296875 0.65546875 0.10625 0.196875
3 0.38203125 0.1390625 0.0578125 0.0671875
3 0.46796875 0.1359375 0.0453125 0.053125
10 0.40546875 0.2625 0.103125 0.1828125
10 0.49296875 0.2578125 0.0984375 0.1734375
6 0.3859375 0.1578125 0.0390625 0.03125
6 0.471875 0.1515625 0.0375 0.0296875
6 0.2140625 0.57578125 0.0421875 0.034375
6 0.28359375 0.559375 0.0484375 0.0375
6 0.36328125 0.51953125 0.0515625 0.0375
6 0.446875 0.53515625 0.0484375 0.0375
6 0.5453125 0.5125 0.0453125 0.0328125
6 0.64140625 0.51796875 0.0515625 0.0375
6 0.746875 0.5421875 0.046875 0.0375
2 0.8171875 0.54453125 0.0375 0.03125
2 0.87578125 0.47265625 0.04375 0.0375