3 0.8171875 0.3421875 0.0859375 0.08125
3 0.475 0.26171875 0.0765625 0.0671875
3 0.2515625 0.22890625 0.084375 0.0734375
3 0.590625 0.31484375 0.0828125 0.065625
3 0.6640625 0.33984375 0.071875 0.065625
10 0.41171875 0.4546875 0.165625 0.246875
10 0.53515625 0.49765625 0.1625 0.225
10 0.6515625 0.52734375 0.14375 0.24375
10 0.2 0.4453125 0.1640625 0.25625
10 0.78828125 0.58359375 0.2015625 0.315625
6 0.4609375 0.29921875 0.0421875 0.0359375
6 0.809375 0.37578125 0.071875 0.05
6 0.665625 0.3734375 0.059375 0.0546875
6 0.58046875 0.34921875 0.0390625 0.028125
6 0.4609375 0.29921875 0.05625 0.0390625
6 0.24921875 0.27265625 0.0578125 0.0421875