3 0.359375 0.84296875 0.1 0.1265625
3 0.33671875 0.90546875 0.159375 0.178125
3 0.490625 0.9734375 0.134375 0.053125
3 0.27109375 0.3046875 0.0875 0.090625
3 0.5296875 0.328125 0.1234375 0.1546875
3 0.38359375 0.33515625 0.0921875 0.0984375
7 0.7484375 0.3625 0.10625 0.1609375
7 0.4671875 0.34375 0.034375 0.0859375
7 0.690625 0.38671875 0.0578125 0.15
3 0.02578125 0.3765625 0.040625 0.0703125
7 0.94609375 0.5890625 0.1078125 0.1734375
3 0.0828125 0.66171875 0.0921875 0.128125
3 0.1625 0.6921875 0.121875 0.1296875
8 0.9359375 0.78046875 0.1 0.2390625
8 0.7859375 0.571875 0.1625 0.2453125
6 0.734375 0.38359375 0.0625 0.04375
6 0.6890625 0.36953125 0.0390625 0.0390625
8 0.2328125 0.5015625 0.1390625 0.2984375
8 0.3578125 0.54453125 0.1015625 0.275