3 0.18515625 0.296875 0.06875 0.0703125
3 0.8640625 0.415625 0.06875 0.065625
3 0.771875 0.41328125 0.0703125 0.0828125
3 0.26015625 0.36796875 0.0546875 0.0640625
3 0.5984375 0.409375 0.05625 0.0578125
3 0.44609375 0.4015625 0.0546875 0.0671875
3 0.68515625 0.43359375 0.0625 0.05625
3 0.3515625 0.3984375 0.05 0.0609375
3 0.52734375 0.4390625 0.05 0.0515625
10 0.15390625 0.46875 0.1234375 0.246875
10 0.8625 0.5625 0.134375 0.234375
10 0.75859375 0.5765625 0.1203125 0.2265625
10 0.24140625 0.51796875 0.11875 0.2515625
10 0.675 0.58828125 0.1140625 0.246875
10 0.5875 0.58359375 0.128125 0.2703125
10 0.3296875 0.55390625 0.115625 0.23125
10 0.425 0.5875 0.125 0.2875
10 0.51171875 0.5984375 0.103125 0.2265625
6 0.1796875 0.32265625 0.05 0.028125
6 0.26015625 0.39375 0.0328125 0.0265625
6 0.3578125 0.4140625 0.0390625 0.0265625
6 0.45 0.428125 0.040625 0.0375
6 0.52421875 0.46015625 0.034375 0.028125
6 0.59765625 0.43203125 0.034375 0.028125
6 0.68515625 0.4578125 0.040625 0.0328125
6 0.7640625 0.44296875 0.0375 0.0265625
6 0.8640625 0.4328125 0.0375 0.0296875