3 0.15859375 0.1703125 0.06875 0.0796875
3 0.32734375 0.21015625 0.075 0.0859375
3 0.4 0.24140625 0.071875 0.0875
3 0.74609375 0.27265625 0.078125 0.0796875
3 0.50859375 0.259375 0.071875 0.0921875
3 0.83671875 0.29296875 0.09375 0.09375
3 0.2296875 0.2421875 0.0828125 0.0953125
3 0.6140625 0.325 0.0734375 0.078125
10 0.1328125 0.365625 0.1125 0.2171875
10 0.72109375 0.44375 0.115625 0.1921875
10 0.50078125 0.43671875 0.1046875 0.203125
10 0.37890625 0.43359375 0.1015625 0.2078125
10 0.83125 0.49609375 0.14375 0.209375
10 0.228125 0.44453125 0.1109375 0.2328125
10 0.60703125 0.515625 0.103125 0.2125
6 0.15859375 0.2109375 0.05 0.046875
6 0.23515625 0.26796875 0.053125 0.034375
6 0.32734375 0.23828125 0.0453125 0.0296875
10 0.30390625 0.3875 0.0921875 0.2046875
6 0.396875 0.271875 0.040625 0.025
6 0.50625 0.28515625 0.046875 0.03125
6 0.6125 0.35625 0.0453125 0.0484375
2 0.746875 0.290625 0.0640625 0.0421875
6 0.83828125 0.32109375 0.05625 0.0375