3 0.18515625 0.40546875 0.1078125 0.11875
3 0.76640625 0.2765625 0.140625 0.1609375
3 0.59140625 0.32421875 0.1125 0.1046875
3 0.496875 0.36640625 0.1109375 0.1328125
3 0.09375 0.46640625 0.1265625 0.1125
3 0.3390625 0.409375 0.1125 0.1296875
3 0.71171875 0.3765625 0.1234375 0.1234375
8 0.2578125 0.675 0.2046875 0.3703125
10 0.55390625 0.60703125 0.2015625 0.34375
10 0.65625 0.59140625 0.190625 0.3296875
10 0.38359375 0.66328125 0.2234375 0.359375
8 0.16796875 0.7421875 0.190625 0.3625
10 0.8640625 0.60234375 0.2328125 0.4421875
6 0.33984375 0.44609375 0.078125 0.0625
6 0.203125 0.45078125 0.065625 0.0390625
6 0.5921875 0.38046875 0.0546875 0.046875
6 0.69765625 0.41875 0.0546875 0.0515625
2 0.49453125 0.403125 0.0828125 0.0609375