8 0.73984375 0.56640625 0.1421875 0.2546875
8 0.52890625 0.62578125 0.1703125 0.2796875
8 0.6546875 0.6109375 0.0984375 0.184375
8 0.31015625 0.71796875 0.2125 0.3796875
3 0.26796875 0.41015625 0.1109375 0.1109375
3 0.6796875 0.34453125 0.1 0.115625
3 0.49296875 0.41484375 0.09375 0.0921875
3 0.61953125 0.4375 0.0625 0.0765625
3 0.86015625 0.13046875 0.1765625 0.20625
6 0.26953125 0.45546875 0.0875 0.0578125
6 0.49921875 0.43359375 0.0625 0.046875
6 0.628125 0.44609375 0.0390625 0.034375
6 0.6859375 0.38125 0.0625 0.046875
6 0.85546875 0.19453125 0.0859375 0.1046875