3 0.22109375 0.065625 0.09375 0.090625
3 0.3203125 0.15078125 0.0546875 0.0578125
3 0.45859375 0.15234375 0.05625 0.05625
3 0.52109375 0.1765625 0.0625 0.0796875
3 0.92265625 0.26328125 0.05 0.05
3 0.97421875 0.16484375 0.0515625 0.0890625
10 0.21484375 0.27265625 0.3015625 0.340625
10 0.2921875 0.33046875 0.08125 0.1234375
10 0.42734375 0.28828125 0.1015625 0.165625
10 0.50703125 0.3078125 0.121875 0.203125
10 0.7046875 0.3234375 0.1328125 0.2046875
10 0.91953125 0.409375 0.1609375 0.340625
0 0.83359375 0.82890625 0.084375 0.059375
0 0.59375 0.66484375 0.0578125 0.0359375
0 0.66171875 0.67578125 0.0359375 0.0296875
0 0.43984375 0.63515625 0.0515625 0.0421875
3 0.7328125 0.16640625 0.090625 0.0671875