10 0.253125 0.59375 0.2875 0.178125
10 0.7640625 0.6 0.303125 0.178125
10 0.72734375 0.865625 0.2734375 0.165625
10 0.25390625 0.86640625 0.2484375 0.1625
10 0.2453125 0.2859375 0.265625 0.178125
10 0.73125 0.29609375 0.28125 0.1796875
7 0.7328125 0.1640625 0.1125 0.071875
7 0.24296875 0.1625 0.1046875 0.075
7 0.76484375 0.4625 0.1296875 0.0828125
7 0.2625 0.45703125 0.121875 0.08125
7 0.72734375 0.74296875 0.109375 0.071875
7 0.25546875 0.74375 0.103125 0.06875
5 0.83515625 0.96953125 0.059375 0.05625
5 0.5890625 0.9671875 0.0515625 0.04375
5 0.39296875 0.96328125 0.065625 0.05
5 0.11015625 0.96328125 0.059375 0.05