10 0.75859375 0.55390625 0.3125 0.2203125
10 0.2546875 0.63984375 0.3265625 0.2234375
10 0.3328125 0.896875 0.2953125 0.20625
10 0.8 0.8234375 0.2703125 0.2
10 0.71796875 0.2484375 0.290625 0.2171875
10 0.23984375 0.33515625 0.30625 0.221875
7 0.2171875 0.2046875 0.1234375 0.0890625
7 0.70078125 0.1265625 0.115625 0.090625
7 0.2328125 0.5046875 0.140625 0.1015625
7 0.728125 0.4203125 0.1328125 0.0984375
7 0.31328125 0.77578125 0.1203125 0.0875
7 0.7796875 0.70234375 0.1125 0.084375
5 0.24140625 0.9921875 0.0671875 0.015625
5 0.48515625 0.97421875 0.0578125 0.0515625
5 0.678125 0.940625 0.071875 0.059375
5 0.9578125 0.896875 0.0671875 0.059375