10 0.2546875 0.59765625 0.290625 0.1828125
10 0.765625 0.5953125 0.30625 0.1828125
10 0.73359375 0.86171875 0.2765625 0.1703125
10 0.26015625 0.8703125 0.2515625 0.1671875
10 0.24140625 0.290625 0.2671875 0.1828125
10 0.72734375 0.2921875 0.284375 0.184375
7 0.240625 0.1734375 0.1703125 0.159375
7 0.73203125 0.16796875 0.1359375 0.1296875
7 0.74375 0.46796875 0.1765625 0.1234375
7 0.28828125 0.46640625 0.1484375 0.11875
7 0.26796875 0.74609375 0.1375 0.1171875
7 0.72734375 0.74140625 0.11875 0.1015625